86 0.0609375 0.575 0.0609375 0.0953125
86 0.396875 0.6375 0.725 0.3109375
86 0.096875 0.59375 0.0640625 0.1078125
86 0.1328125 0.6203125 0.0734375 0.140625
86 0.1515625 0.528125 0.0390625 0.0375
86 0.1875 0.6546875 0.109375 0.1640625
86 0.1828125 0.5421875 0.0375 0.0578125
86 0.20625 0.5515625 0.05 0.071875
86 0.25625 0.69375 0.1390625 0.2015625
86 0.24375 0.5609375 0.046875 0.05625
86 0.2546875 0.521875 0.040625 0.046875
86 0.29375 0.5703125 0.05625 0.0640625
86 0.290625 0.525 0.046875 0.046875
86 0.359375 0.6265625 0.1015625 0.1359375
86 0.3390625 0.534375 0.0515625 0.05
86 0.3609375 0.5140625 0.0296875 0.05625
86 0.3890625 0.5625 0.059375 0.0921875
86 0.39375 0.521875 0.0328125 0.0546875
86 0.434375 0.5125 0.0390625 0.0328125
86 0.45625 0.58125 0.071875 0.109375
86 0.4921875 0.5390625 0.05 0.071875
86 0.509375 0.509375 0.0390625 0.040625
86 0.53125 0.5984375 0.0796875 0.1171875
86 0.55 0.5453125 0.053125 0.078125
86 0.5671875 0.5171875 0.0421875 0.046875
86 0.6234375 0.55625 0.0640625 0.08125
86 0.6390625 0.5203125 0.0453125 0.0375
86 0.728125 0.5453125 0.05625 0.0703125
