88 0.3765625 0.396875 0.4078125 0.5140625
88 0.2828125 0.2765625 0.190625 0.0609375
88 0.2828125 0.2078125 0.1828125 0.0828125
88 0.29375 0.3640625 0.16875 0.13125
88 0.4125 0.2265625 0.09375 0.1046875
88 0.421875 0.3875 0.096875 0.0796875
88 0.41875 0.3046875 0.0890625 0.08125
88 0.43125 0.5078125 0.1 0.075
88 0.4296875 0.45 0.0890625 0.065625
88 0.5125 0.378125 0.103125 0.071875
88 0.5125 0.2171875 0.1015625 0.096875
88 0.5109375 0.49375 0.09375 0.08125
88 0.515625 0.4375 0.0859375 0.0609375
88 0.515625 0.303125 0.0828125 0.0796875
