86 0.08125 0.8484375 0.1609375 0.0515625
86 0.1046875 0.6046875 0.11875 0.0515625
86 0.1453125 0.7578125 0.1640625 0.234375
86 0.1234375 0.584375 0.090625 0.05625
86 0.25 0.646875 0.090625 0.1078125
86 0.2515625 0.55625 0.0890625 0.0296875
86 0.2375 0.496875 0.05 0.0046875
86 0.3578125 0.7625 0.26875 0.221875
86 0.3484375 0.834375 0.2359375 0.0796875
86 0.3046875 0.5015625 0.0484375 0.0640625
86 0.4203125 0.5578125 0.08125 0.03125
86 0.390625 0.5203125 0.0203125 0.021875
86 0.4046875 0.5015625 0.0265625 0.0109375
86 0.4578125 0.5265625 0.0625 0.0140625
86 0.478125 0.6203125 0.096875 0.11875
86 0.5578125 0.7375 0.171875 0.2375
86 0.5328125 0.5453125 0.040625 0.0203125
86 0.6046875 0.5859375 0.06875 0.028125
86 0.640625 0.5140625 0.0515625 0.040625
86 0.7203125 0.7328125 0.165625 0.215625
86 0.7953125 0.5109375 0.0421875 0.0328125
86 0.8375 0.5828125 0.0609375 0.1140625
86 0.921875 0.8421875 0.15625 0.0625
86 0.8828125 0.5546875 0.0734375 0.109375
86 0.9140625 0.6125 0.0890625 0.071875
86 0.94375 0.55 0.0609375 0.090625
