86 0.009375 0.5359375 0.01875 0.059375
86 0.05 0.615625 0.0515625 0.125
86 0.1203125 0.7203125 0.1484375 0.2265625
86 0.23125 0.5046875 0.0578125 0.071875
86 0.3828125 0.7765625 0.26875 0.1140625
86 0.265625 0.503125 0.03125 0.075
86 0.321875 0.465625 0.009375 0.0078125
86 0.3921875 0.49375 0.0546875 0.06875
86 0.5015625 0.465625 0.0234375 0.0140625
86 0.578125 0.7125 0.171875 0.2421875
86 0.5484375 0.51875 0.0703125 0.0921875
86 0.8046875 0.7671875 0.265625 0.134375
86 0.9453125 0.7390625 0.1078125 0.1875
