88 0.4703125 0.74375 0.9390625 0.35
88 0.4515625 0.471875 0.9 0.340625
88 0.0546875 0.3703125 0.084375 0.040625
88 0.0609375 0.41875 0.0625 0.040625
88 0.1171875 0.3765625 0.078125 0.05
88 0.1203125 0.4140625 0.065625 0.04375
88 0.18125 0.475 0.10625 0.0671875
88 0.184375 0.4234375 0.0890625 0.0703125
88 0.190625 0.371875 0.0703125 0.0640625
88 0.2640625 0.378125 0.0984375 0.0796875
88 0.2515625 0.5890625 0.05625 0.0703125
88 0.25625 0.5390625 0.065625 0.0671875
88 0.25625 0.4484375 0.059375 0.071875
88 0.2609375 0.48125 0.0671875 0.05625
88 0.59375 0.46875 0.609375 0.225
