89 0.040625 0.56875 0.0796875 0.059375
89 0.04375 0.6671875 0.0875 0.178125
89 0.075 0.81875 0.15 0.1109375
89 0.10625 0.5875 0.1109375 0.08125
89 0.1859375 0.5484375 0.0921875 0.053125
89 0.2328125 0.6078125 0.1546875 0.09375
89 0.2796875 0.56875 0.1015625 0.06875
89 0.2875 0.5453125 0.1140625 0.0625
89 0.3984375 0.5828125 0.171875 0.0953125
89 0.384375 0.565625 0.1125 0.0734375
89 0.48125 0.6828125 0.253125 0.203125
89 0.440625 0.509375 0.06875 0.0703125
89 0.5109375 0.575 0.159375 0.084375
89 0.65625 0.6078125 0.2328125 0.0984375
89 0.771875 0.7390625 0.3984375 0.2703125
89 0.74375 0.578125 0.1875 0.0796875
89 0.871875 0.625 0.253125 0.1125
89 0.9140625 0.590625 0.1703125 0.078125
