88 0.23125 0.278125 0.1265625 0.0890625
88 0.234375 0.35625 0.1328125 0.0796875
88 0.3234375 0.5765625 0.25625 0.09375
88 0.4328125 0.4078125 0.1984375 0.121875
88 0.6171875 0.578125 0.1484375 0.0453125
88 0.5625 0.5203125 0.034375 0.0765625
88 0.5703125 0.4484375 0.040625 0.0734375
88 0.571875 0.371875 0.04375 0.0828125
88 0.621875 0.303125 0.140625 0.0890625
88 0.6875 0.490625 0.0265625 0.040625
88 0.690625 0.53125 0.021875 0.0421875
88 0.690625 0.5703125 0.021875 0.0421875
88 0.69375 0.3515625 0.025 0.0515625
88 0.6921875 0.45625 0.0140625 0.0421875
88 0.7 0.4234375 0.0265625 0.0390625
88 0.7 0.3796875 0.0203125 0.05
88 0.70625 0.3109375 0.021875 0.04375
88 0.753125 0.4828125 0.0953125 0.053125
88 0.7453125 0.3875 0.0546875 0.0484375
88 0.7484375 0.3375 0.040625 0.0421875
88 0.765625 0.5515625 0.0421875 0.0375
88 0.76875 0.5828125 0.040625 0.034375
