86 0.7859375 0.7515625 0.228125 0.221875
86 0.1359375 0.68125 0.2546875 0.284375
86 0.1578125 0.853125 0.2546875 0.0421875
86 0.34375 0.5359375 0.046875 0.0828125
86 0.3453125 0.640625 0.046875 0.0828125
86 0.3625 0.628125 0.0265625 0.103125
86 0.3859375 0.6234375 0.028125 0.1234375
86 0.559375 0.85625 0.26875 0.0359375
86 0.6671875 0.5046875 0.015625 0.03125
86 0.6796875 0.509375 0.0125 0.03125
86 0.6921875 0.5125 0.0109375 0.034375
86 0.74375 0.540625 0.06875 0.075
86 0.7984375 0.5703125 0.0375 0.0671875
86 0.821875 0.590625 0.0390625 0.06875
86 0.884375 0.625 0.0515625 0.08125
86 0.946875 0.7390625 0.059375 0.26875
