86 0.034375 0.54375 0.06875 0.140625
86 0.034375 0.490625 0.06875 0.090625
86 0.096875 0.7375 0.1921875 0.271875
86 0.090625 0.41875 0.059375 0.0421875
86 0.21875 0.434375 0.0828125 0.0375
86 0.23125 0.575 0.05 0.134375
86 0.2328125 0.396875 0.0484375 0.0375
86 0.2375 0.484375 0.04375 0.0578125
86 0.2984375 0.4265625 0.065625 0.053125
86 0.3015625 0.3875 0.04375 0.0328125
86 0.3453125 0.484375 0.0984375 0.096875
86 0.3375 0.3828125 0.040625 0.028125
86 0.353125 0.40625 0.040625 0.040625
86 0.4296875 0.4 0.0515625 0.04375
86 0.48125 0.4 0.0609375 0.0453125
86 0.4828125 0.4328125 0.0640625 0.0515625
86 0.5234375 0.5671875 0.0984375 0.196875
86 0.5171875 0.4234375 0.05 0.05625
86 0.565625 0.496875 0.125 0.1125
86 0.525 0.375 0.0359375 0.0328125
86 0.58125 0.4125 0.0609375 0.0515625
86 0.6453125 0.459375 0.0828125 0.0765625
86 0.6625 0.3953125 0.04375 0.053125
86 0.8015625 0.821875 0.203125 0.1046875
86 0.790625 0.4 0.0625 0.028125
86 0.9375 0.7859375 0.121875 0.178125
