85 0.4375 0.4921875 0.5515625 0.9828125
85 0.390625 0.1046875 0.303125 0.209375
85 0.3765625 0.3390625 0.2640625 0.221875
85 0.3765625 0.46875 0.2640625 0.1109375
85 0.38125 0.5578125 0.25625 0.153125
85 0.3796875 0.646875 0.2453125 0.15625
85 0.3984375 0.809375 0.253125 0.303125
85 0.6078125 0.3140625 0.215625 0.19375
85 0.6125 0.521875 0.196875 0.26875
85 0.6203125 0.715625 0.1875 0.2265625
85 0.625 0.1375 0.1890625 0.1875
85 0.7390625 0.6671875 0.125 0.140625
85 0.746875 0.528125 0.13125 0.1296875
85 0.75 0.4015625 0.1203125 0.1203125
85 0.76875 0.121875 0.14375 0.1640625
85 0.775 0.2703125 0.1265625 0.1390625
85 0.8140625 0.653125 0.0546875 0.15
85 0.8296875 0.528125 0.021875 0.1046875
