86 0.690625 0.6640625 0.0828125 0.1375
86 0.00625 0.5609375 0.0109375 0.0171875
86 0.1578125 0.665625 0.3140625 0.165625
86 0.3421875 0.6609375 0.090625 0.1265625
86 0.321875 0.525 0.00625 0.00625
86 0.4203125 0.6640625 0.0921875 0.134375
86 0.465625 0.5265625 0.015625 0.0078125
86 0.5015625 0.671875 0.0796875 0.1328125
86 0.5203125 0.525 0.0140625 0.0078125
86 0.53125 0.5234375 0.009375 0.0140625
86 0.5890625 0.66875 0.0734375 0.134375
86 0.7734375 0.6765625 0.1078125 0.140625
86 0.8921875 0.6859375 0.13125 0.153125
86 0.9046875 0.5859375 0.0203125 0.0328125
86 0.965625 0.6859375 0.065625 0.1
