88 0.090625 0.7015625 0.11875 0.24375
88 0.1109375 0.7671875 0.1015625 0.0796875
88 0.3265625 0.8171875 0.1328125 0.0296875
88 0.2765625 0.7 0.025 0.196875
88 0.290625 0.7609375 0.053125 0.0671875
88 0.3828125 0.6609375 0.0609375 0.1046875
88 0.4109375 0.7375 0.075 0.0609375
88 0.6078125 0.734375 0.0625 0.0515625
88 0.6234375 0.7984375 0.0921875 0.04375
88 0.5875 0.66875 0.015625 0.078125
88 0.753125 0.8 0.1109375 0.065625
88 0.75625 0.7296875 0.0375 0.040625
88 0.86875 0.796875 0.0671875 0.071875
88 0.8640625 0.7234375 0.0296875 0.0390625
88 0.959375 0.7875 0.0625 0.0796875
88 0.95 0.7171875 0.0203125 0.034375
