86 0.03125 0.6328125 0.0625 0.059375
86 0.08125 0.621875 0.078125 0.053125
86 0.125 0.703125 0.1421875 0.103125
86 0.24375 0.7078125 0.1125 0.0734375
86 0.234375 0.6046875 0.059375 0.05
86 0.271875 0.6859375 0.090625 0.0984375
86 0.309375 0.6078125 0.053125 0.0625
86 0.4609375 0.703125 0.0328125 0.146875
86 0.5515625 0.646875 0.0796875 0.10625
86 0.6421875 0.6234375 0.059375 0.05
86 0.65625 0.671875 0.0765625 0.084375
86 0.753125 0.675 0.1 0.090625
86 0.7390625 0.6234375 0.05 0.025
86 0.8609375 0.70625 0.1046875 0.1125
86 0.9328125 0.6796875 0.1 0.1125
86 0.9765625 0.70625 0.0453125 0.09375
