89 0.0703125 0.6703125 0.140625 0.1609375
89 0.359375 0.8015625 0.7171875 0.14375
89 0.0859375 0.5515625 0.1453125 0.0546875
89 0.146875 0.5390625 0.225 0.0984375
89 0.2796875 0.496875 0.046875 0.0109375
89 0.3578125 0.50625 0.0640625 0.021875
89 0.4859375 0.628125 0.1921875 0.234375
89 0.503125 0.4953125 0.034375 0.0109375
89 0.5296875 0.5296875 0.053125 0.071875
89 0.6140625 0.5078125 0.0421875 0.0390625
89 0.6859375 0.5296875 0.11875 0.06875
89 0.7390625 0.534375 0.1515625 0.0421875
89 0.753125 0.5875 0.178125 0.1171875
