86 0.046875 0.70625 0.0234375 0.0296875
86 0.15 0.7515625 0.0453125 0.0328125
86 0.2546875 0.6578125 0.0390625 0.028125
86 0.2953125 0.7515625 0.084375 0.053125
86 0.2921875 0.821875 0.0421875 0.0171875
86 0.35625 0.7296875 0.084375 0.134375
86 0.41875 0.81875 0.0703125 0.0234375
86 0.5078125 0.715625 0.1296875 0.015625
86 0.628125 0.7 0.053125 0.1015625
86 0.73125 0.753125 0.1078125 0.1546875
86 0.7515625 0.5953125 0.03125 0.0578125
86 0.840625 0.8046875 0.171875 0.0515625
86 0.775 0.5890625 0.03125 0.0703125
86 0.80625 0.58125 0.01875 0.0484375
86 0.828125 0.56875 0.015625 0.053125
86 0.88125 0.640625 0.03125 0.1421875
86 0.89375 0.621875 0.034375 0.1375
86 0.9171875 0.6203125 0.0375 0.1234375
86 0.9328125 0.5953125 0.034375 0.10625
86 0.95625 0.5890625 0.01875 0.09375
86 0.965625 0.575 0.025 0.0875
