86 0.021875 0.6734375 0.0421875 0.2
86 0.0734375 0.7046875 0.146875 0.234375
86 0.1390625 0.6078125 0.0859375 0.1515625
86 0.203125 0.6390625 0.1296875 0.2046875
86 0.24375 0.503125 0.0625 0.0734375
86 0.278125 0.5375 0.053125 0.05625
86 0.321875 0.65625 0.1109375 0.1890625
86 0.396875 0.5921875 0.05 0.153125
86 0.4015625 0.503125 0.0046875 0.0296875
86 0.428125 0.48125 0.0515625 0.0234375
86 0.446875 0.5546875 0.06875 0.13125
86 0.4484375 0.4640625 0.015625 0.0203125
86 0.56875 0.771875 0.190625 0.121875
86 0.5375 0.515625 0.0390625 0.071875
86 0.56875 0.4984375 0.0421875 0.0734375
86 0.6875 0.5640625 0.059375 0.0859375
86 0.68125 0.7625 0.040625 0.1421875
86 0.68125 0.425 0.021875 0.0265625
86 0.78125 0.728125 0.190625 0.209375
86 0.715625 0.478125 0.04375 0.028125
86 0.71875 0.459375 0.046875 0.0140625
86 0.8109375 0.7875 0.2203125 0.0921875
86 0.71875 0.6609375 0.0328125 0.1703125
86 0.74375 0.521875 0.0265625 0.0296875
