88 0.9171875 0.5390625 0.153125 0.4921875
88 0.04375 0.40625 0.0859375 0.475
88 0.0890625 0.3734375 0.096875 0.4078125
88 0.1640625 0.3640625 0.0875 0.390625
88 0.2546875 0.3609375 0.1171875 0.3828125
88 0.31875 0.3671875 0.11875 0.39375
88 0.4296875 0.3296875 0.15 0.321875
88 0.484375 0.2921875 0.075 0.246875
88 0.5484375 0.2828125 0.0328125 0.228125
88 0.5796875 0.265625 0.040625 0.19375
88 0.6453125 0.278125 0.1171875 0.2171875
88 0.73125 0.2671875 0.0828125 0.19375
88 0.81875 0.2640625 0.08125 0.190625
88 0.9390625 0.2484375 0.11875 0.15
