88 0.8171875 0.6828125 0.2640625 0.6109375
88 0.225 0.303125 0.2859375 0.246875
88 0.2140625 0.50625 0.2328125 0.1953125
88 0.1328125 0.8953125 0.0671875 0.14375
88 0.2390625 0.7109375 0.2796875 0.25
88 0.265625 0.9 0.184375 0.184375
88 0.4703125 0.2625 0.2640625 0.290625
88 0.5 0.5125 0.3140625 0.26875
88 0.4046875 0.95 0.05625 0.0859375
88 0.5078125 0.784375 0.25625 0.2734375
88 0.46875 0.95 0.0671875 0.0859375
88 0.628125 0.9359375 0.1734375 0.1140625
88 0.665625 0.9546875 0.125 0.0578125
88 0.84375 0.2125 0.2875 0.4125
