86 0.340625 0.6546875 0.1234375 0.153125
86 0.090625 0.6734375 0.121875 0.1453125
86 0.125 0.56875 0.0578125 0.0734375
86 0.1265625 0.528125 0.0296875 0.03125
86 0.153125 0.5203125 0.040625 0.065625
86 0.1546875 0.478125 0.03125 0.015625
86 0.2140625 0.6765625 0.1296875 0.140625
86 0.18125 0.5046875 0.0390625 0.0296875
86 0.1953125 0.5375 0.0546875 0.04375
86 0.1875 0.475 0.021875 0.021875
86 0.203125 0.4671875 0.0109375 0.0234375
86 0.2171875 0.4734375 0.0234375 0.028125
86 0.2390625 0.4953125 0.034375 0.01875
86 0.2671875 0.5375 0.0578125 0.028125
86 0.2859375 0.528125 0.046875 0.04375
86 0.31875 0.4890625 0.028125 0.028125
86 0.3390625 0.534375 0.046875 0.0859375
86 0.371875 0.575 0.0578125 0.096875
86 0.4140625 0.5515625 0.0328125 0.1
86 0.4609375 0.56875 0.0765625 0.109375
86 0.4421875 0.5203125 0.0328125 0.0625
86 0.5453125 0.5765625 0.0765625 0.1125
86 0.553125 0.5046875 0.0328125 0.0296875
86 0.6265625 0.6890625 0.1125 0.1171875
86 0.5953125 0.5453125 0.0359375 0.090625
86 0.834375 0.634375 0.1359375 0.225
86 0.796875 0.5125 0.0515625 0.01875
