85 0.0984375 0.7453125 0.0578125 0.1
85 0.0984375 0.7984375 0.0546875 0.1125
85 0.1 0.65625 0.04375 0.071875
85 0.10625 0.8390625 0.0421875 0.0703125
85 0.1359375 0.625 0.028125 0.0515625
85 0.1671875 0.596875 0.0421875 0.0546875
85 0.16875 0.65 0.0328125 0.059375
85 0.1734375 0.734375 0.0328125 0.0703125
85 0.1734375 0.69375 0.025 0.05625
85 0.1765625 0.778125 0.0296875 0.0671875
85 0.1765625 0.825 0.0296875 0.096875
85 0.303125 0.41875 0.246875 0.134375
85 0.2578125 0.6421875 0.1234375 0.046875
85 0.396875 0.6328125 0.1515625 0.05625
85 0.4 0.6953125 0.1609375 0.065625
85 0.4 0.7375 0.1484375 0.025
85 0.3984375 0.7921875 0.140625 0.03125
85 0.4 0.7625 0.14375 0.0265625
85 0.5203125 0.4390625 0.1734375 0.284375
85 0.5390625 0.671875 0.1296875 0.0453125
85 0.54375 0.63125 0.1296875 0.0453125
85 0.546875 0.7125 0.121875 0.0484375
85 0.6640625 0.6203125 0.1171875 0.0421875
85 0.66875 0.6640625 0.1171875 0.046875
85 0.6984375 0.509375 0.1515625 0.128125
85 0.703125 0.34375 0.134375 0.196875
85 0.771875 0.659375 0.0734375 0.1140625
85 0.8546875 0.659375 0.0875 0.125
85 0.9296875 0.534375 0.140625 0.13125
85 0.9171875 0.6171875 0.0796875 0.0453125
85 0.9234375 0.66875 0.065625 0.0640625
85 0.921875 0.703125 0.0578125 0.05
85 0.9703125 0.2875 0.0578125 0.2390625
