88 0.128125 0.2828125 0.009375 0.1
88 0.1328125 0.1796875 0.01875 0.128125
88 0.134375 0.3703125 0.021875 0.09375
88 0.134375 0.4578125 0.021875 0.1015625
88 0.1359375 0.5515625 0.0234375 0.0953125
88 0.1375 0.646875 0.028125 0.1171875
88 0.1453125 0.7828125 0.04375 0.1921875
88 0.2203125 0.6734375 0.1390625 0.0796875
88 0.2265625 0.7890625 0.1515625 0.16875
88 0.228125 0.5671875 0.1515625 0.14375
88 0.3671875 0.7875 0.16875 0.1921875
88 0.3640625 0.671875 0.1578125 0.10625
88 0.3671875 0.5625 0.159375 0.134375
88 0.609375 0.5078125 0.3171875 0.746875
