82 0.103125 0.6953125 0.171875 0.125
82 0.33125 0.6421875 0.05 0.0546875
82 0.3671875 0.6390625 0.0421875 0.040625
82 0.3890625 0.6328125 0.028125 0.034375
82 0.403125 0.6296875 0.0125 0.028125
82 0.41875 0.628125 0.015625 0.0234375
82 0.4296875 0.628125 0.0203125 0.028125
82 0.4359375 0.6265625 0.0203125 0.025
82 0.5609375 0.628125 0.021875 0.021875
82 0.6 0.6328125 0.034375 0.0296875
82 0.6203125 0.634375 0.034375 0.0328125
82 0.65625 0.6453125 0.0453125 0.0515625
82 0.865625 0.7 0.1625 0.121875
