81 0.009375 0.4484375 0.01875 0.0515625
81 0.146875 0.484375 0.0734375 0.046875
81 0.1625 0.446875 0.053125 0.0265625
81 0.178125 0.4234375 0.0484375 0.025
81 0.54375 0.45625 0.178125 0.0609375
81 0.5375 0.4890625 0.1125 0.0828125
81 0.5640625 0.4125 0.1 0.021875
81 0.58125 0.5390625 0.078125 0.1078125
81 0.6359375 0.609375 0.1484375 0.134375
81 0.828125 0.7328125 0.34375 0.196875
81 0.934375 0.4578125 0.128125 0.04375
81 0.9046875 0.425 0.0640625 0.0265625
81 0.9703125 0.4984375 0.05625 0.05
81 0.990625 0.553125 0.0171875 0.0453125
