88 0.1375 0.3390625 0.2203125 0.0671875
88 0.1390625 0.4984375 0.2140625 0.08125
88 0.140625 0.4125 0.2171875 0.084375
88 0.1359375 0.2765625 0.203125 0.0609375
88 0.1359375 0.6328125 0.19375 0.0703125
88 0.4765625 0.4859375 0.875 0.5828125
88 0.1453125 0.578125 0.209375 0.0515625
88 0.1234375 0.7 0.159375 0.0703125
88 0.2984375 0.7125 0.1796875 0.0984375
88 0.321875 0.496875 0.21875 0.06875
88 0.30625 0.653125 0.1734375 0.0765625
88 0.334375 0.3390625 0.21875 0.0703125
88 0.3359375 0.4125 0.2171875 0.078125
88 0.3328125 0.2609375 0.1984375 0.0828125
88 0.3390625 0.56875 0.1953125 0.0859375
88 0.534375 0.578125 0.2390625 0.09375
88 0.5375 0.4953125 0.240625 0.08125
88 0.5421875 0.41875 0.2390625 0.0734375
88 0.5375 0.65 0.21875 0.0828125
88 0.5421875 0.2578125 0.209375 0.0734375
88 0.546875 0.3375 0.21875 0.0796875
88 0.759375 0.7453125 0.265625 0.1078125
88 0.7703125 0.5015625 0.2578125 0.0984375
88 0.7703125 0.675 0.2578125 0.0828125
88 0.765625 0.59375 0.2421875 0.0890625
88 0.7765625 0.3359375 0.259375 0.1
88 0.7765625 0.4109375 0.25625 0.090625
88 0.7828125 0.2484375 0.25625 0.0734375
