86 0.0484375 0.634375 0.0953125 0.1859375
86 0.175 0.6640625 0.178125 0.3390625
86 0.2359375 0.6078125 0.04375 0.1546875
86 0.2671875 0.6078125 0.0578125 0.1234375
86 0.3640625 0.634375 0.125 0.1921875
86 0.55 0.615625 0.06875 0.1234375
86 0.5390625 0.5890625 0.0359375 0.046875
86 0.6015625 0.603125 0.05 0.109375
86 0.646875 0.625 0.1 0.1515625
86 0.6984375 0.61875 0.09375 0.1296875
86 0.7453125 0.6140625 0.040625 0.0875
86 0.775 0.6046875 0.025 0.075
86 0.8046875 0.5953125 0.0234375 0.05625
86 0.9640625 0.6921875 0.06875 0.28125
