86 0.065625 0.5671875 0.1296875 0.1234375
86 0.1015625 0.5765625 0.121875 0.1234375
86 0.1265625 0.5875 0.0875 0.1453125
86 0.1796875 0.4859375 0.021875 0.015625
86 0.2625 0.7359375 0.153125 0.190625
86 0.253125 0.5109375 0.0453125 0.0515625
86 0.3828125 0.7515625 0.1609375 0.1578125
86 0.34375 0.5015625 0.0265625 0.0265625
86 0.3984375 0.590625 0.0875 0.065625
86 0.465625 0.515625 0.0765625 0.0515625
86 0.534375 0.7609375 0.1953125 0.140625
86 0.509375 0.596875 0.121875 0.053125
86 0.55 0.5359375 0.090625 0.0796875
86 0.6203125 0.6203125 0.1078125 0.109375
86 0.640625 0.5359375 0.1 0.0671875
86 0.73125 0.771875 0.2171875 0.11875
86 0.7015625 0.4875 0.075 0.0453125
86 0.709375 0.5265625 0.046875 0.0359375
86 0.80625 0.6703125 0.0796875 0.1578125
86 0.81875 0.4328125 0.0359375 0.0171875
86 0.81875 0.4546875 0.0296875 0.0265625
86 0.8609375 0.590625 0.109375 0.15
