85 0.509375 0.6546875 0.2625 0.18125
85 0.6390625 0.696875 0.053125 0.1828125
85 0.6828125 0.75625 0.05625 0.2578125
85 0.696875 0.6375 0.075 0.078125
85 0.7203125 0.2359375 0.06875 0.25625
85 0.73125 0.8234375 0.0765625 0.2625
85 0.7421875 0.7046875 0.0625 0.084375
85 0.76875 0.8859375 0.09375 0.225
85 0.7921875 0.2359375 0.0890625 0.2875
85 0.79375 0.7546875 0.0625 0.1140625
85 0.8421875 0.921875 0.0640625 0.1546875
85 0.8453125 0.834375 0.0578125 0.1140625
85 0.8609375 0.203125 0.025 0.40625
