86 0.009375 0.596875 0.01875 0.03125
86 0.03125 0.675 0.0625 0.13125
86 0.1171875 0.534375 0.0484375 0.15
86 0.1265625 0.503125 0.03125 0.0765625
86 0.225 0.69375 0.2234375 0.278125
86 0.265625 0.5609375 0.1171875 0.1484375
86 0.29375 0.509375 0.10625 0.134375
86 0.3328125 0.51875 0.1140625 0.15
86 0.3640625 0.540625 0.121875 0.16875
86 0.3875 0.55 0.0765625 0.1703125
86 0.6828125 0.584375 0.6328125 0.3734375
86 0.453125 0.621875 0.1234375 0.2015625
86 0.5046875 0.75625 0.2203125 0.1515625
86 0.5546875 0.684375 0.1765625 0.29375
86 0.6609375 0.6953125 0.2140625 0.2734375
86 0.78125 0.709375 0.2296875 0.24375
86 0.9078125 0.7296875 0.1828125 0.203125
