88 0.0828125 0.4984375 0.075 0.0359375
88 0.08125 0.565625 0.0703125 0.05
88 0.0828125 0.471875 0.071875 0.025
88 0.0828125 0.53125 0.071875 0.0375
88 0.1703125 0.4734375 0.115625 0.03125
88 0.175 0.5625 0.121875 0.0453125
88 0.171875 0.5015625 0.1140625 0.03125
88 0.175 0.53125 0.1171875 0.0375
88 0.3109375 0.509375 0.090625 0.040625
88 0.290625 0.596875 0.046875 0.0515625
88 0.2890625 0.5578125 0.040625 0.040625
88 0.290625 0.53125 0.0453125 0.0328125
88 0.33125 0.56875 0.0578125 0.0625
88 0.328125 0.615625 0.04375 0.0703125
88 0.3328125 0.5421875 0.0515625 0.028125
88 0.34375 0.475 0.03125 0.021875
88 0.4125 0.634375 0.140625 0.059375
88 0.384375 0.590625 0.071875 0.0625
88 0.4125 0.546875 0.115625 0.06875
88 0.378125 0.4796875 0.04375 0.0328125
88 0.4203125 0.4796875 0.05625 0.028125
88 0.4671875 0.4796875 0.0359375 0.028125
88 0.5453125 0.640625 0.1421875 0.0984375
88 0.5515625 0.578125 0.140625 0.1046875
88 0.5125 0.478125 0.0296875 0.0390625
88 0.5328125 0.48125 0.015625 0.0390625
88 0.5484375 0.4828125 0.0171875 0.0390625
88 0.565625 0.4828125 0.0171875 0.0359375
88 0.578125 0.478125 0.0171875 0.0328125
88 0.6203125 0.478125 0.046875 0.03125
88 0.63125 0.553125 0.0515625 0.0796875
88 0.6328125 0.6109375 0.053125 0.0640625
88 0.6703125 0.48125 0.0390625 0.0171875
88 0.671875 0.553125 0.0390625 0.053125
88 0.6734375 0.596875 0.040625 0.0671875
88 0.6828125 0.4953125 0.0546875 0.01875
88 0.703125 0.578125 0.028125 0.04375
88 0.7046875 0.5453125 0.0265625 0.0390625
88 0.7703125 0.546875 0.03125 0.059375
88 0.9640625 0.69375 0.0671875 0.078125
88 0.96875 0.6359375 0.059375 0.0546875
88 0.9734375 0.575 0.05 0.0703125
88 0.978125 0.5296875 0.0421875 0.040625
