83 0.6625 0.728125 0.125 0.115625
83 0.0359375 0.6734375 0.0609375 0.0703125
83 0.0421875 0.6234375 0.04375 0.0375
83 0.128125 0.6375 0.046875 0.046875
83 0.16875 0.68125 0.0671875 0.0578125
83 0.2234375 0.7484375 0.08125 0.0953125
83 0.28125 0.7953125 0.1203125 0.071875
83 0.3359375 0.6515625 0.071875 0.0640625
83 0.38125 0.61875 0.0640625 0.0453125
83 0.4109375 0.7046875 0.0890625 0.08125
83 0.46875 0.6296875 0.0625 0.034375
83 0.4921875 0.7578125 0.10625 0.1140625
83 0.5484375 0.6875 0.0765625 0.0953125
83 0.55625 0.5703125 0.0328125 0.0265625
83 0.59375 0.60625 0.0546875 0.0484375
83 0.6484375 0.590625 0.05 0.0296875
83 0.68125 0.6359375 0.0734375 0.0640625
83 0.709375 0.5828125 0.0421875 0.0578125
83 0.715625 0.534375 0.034375 0.028125
83 0.775 0.68125 0.0765625 0.0953125
83 0.784375 0.5890625 0.0546875 0.0421875
83 0.7828125 0.5515625 0.04375 0.040625
83 0.8265625 0.659375 0.0640625 0.0828125
83 0.834375 0.5421875 0.03125 0.0234375
83 0.8609375 0.578125 0.046875 0.0484375
83 0.884375 0.528125 0.040625 0.0125
83 0.8984375 0.6328125 0.0625 0.0828125
83 0.9265625 0.559375 0.0421875 0.0234375
83 0.965625 0.5390625 0.03125 0.0359375
83 0.9671875 0.5875 0.0328125 0.046875
