82 0.428125 0.69375 0.171875 0.2359375
82 0.01875 0.6 0.0359375 0.1375
82 0.028125 0.5375 0.05625 0.0578125
82 0.0671875 0.728125 0.134375 0.1734375
82 0.0796875 0.7875 0.1578125 0.0921875
82 0.0796875 0.56875 0.078125 0.1046875
82 0.2171875 0.625 0.153125 0.1609375
82 0.265625 0.6796875 0.1484375 0.23125
82 0.309375 0.5625 0.071875 0.1078125
82 0.5390625 0.5921875 0.090625 0.1390625
82 0.603125 0.6078125 0.109375 0.1484375
82 0.6546875 0.5734375 0.0875 0.1125
82 0.6609375 0.59375 0.08125 0.134375
82 0.728125 0.6046875 0.0984375 0.1296875
82 0.71875 0.509375 0.0171875 0.0359375
82 0.7515625 0.5734375 0.0828125 0.1125
82 0.746875 0.5125 0.0171875 0.0453125
82 0.7796875 0.5140625 0.03125 0.0375
82 0.8171875 0.5140625 0.025 0.040625
82 0.93125 0.6328125 0.134375 0.165625
82 0.9265625 0.5765625 0.0765625 0.0984375
