82 0.078125 0.771875 0.15625 0.2046875
82 0.109375 0.5015625 0.08125 0.0140625
82 0.11875 0.5125 0.0734375 0.021875
82 0.2328125 0.5046875 0.0640625 0.0171875
82 0.2390625 0.49375 0.0375 0.0125
82 0.296875 0.490625 0.0265625 0.0125
82 0.36875 0.559375 0.0796875 0.05
82 0.3765625 0.5171875 0.059375 0.025
82 0.4734375 0.5125 0.053125 0.01875
82 0.7390625 0.75 0.4671875 0.165625
82 0.603125 0.509375 0.0375 0.0171875
82 0.6796875 0.5421875 0.0703125 0.03125
82 0.7625 0.578125 0.1328125 0.059375
