86 0.05625 0.7828125 0.1109375 0.09375
86 0.05 0.6203125 0.0796875 0.0734375
86 0.15 0.640625 0.1609375 0.1609375
86 0.2375 0.7140625 0.259375 0.2375
86 0.3421875 0.459375 0.0984375 0.10625
86 0.440625 0.640625 0.178125 0.196875
86 0.4515625 0.5359375 0.15625 0.09375
86 0.4984375 0.7859375 0.1046875 0.0953125
86 0.559375 0.61875 0.13125 0.228125
86 0.6296875 0.69375 0.2125 0.2703125
86 0.5484375 0.43125 0.021875 0.0328125
86 0.6625 0.6125 0.165625 0.203125
86 0.7546875 0.6 0.0671875 0.2078125
86 0.853125 0.5671875 0.11875 0.1765625
86 0.878125 0.509375 0.0890625 0.165625
86 0.946875 0.6 0.103125 0.16875
