88 0.06875 0.4734375 0.1359375 0.1453125
88 0.0703125 0.2390625 0.140625 0.109375
88 0.075 0.6265625 0.1484375 0.1609375
88 0.084375 0.7625 0.16875 0.140625
88 0.49375 0.5 0.9859375 0.6640625
88 0.0703125 0.346875 0.134375 0.0953125
88 0.2546875 0.2546875 0.259375 0.134375
88 0.2609375 0.35 0.25625 0.1
88 0.2609375 0.475 0.25625 0.125
88 0.2625 0.6171875 0.240625 0.1484375
88 0.2765625 0.7484375 0.2171875 0.165625
88 0.46875 0.596875 0.184375 0.1265625
88 0.46875 0.2953125 0.1828125 0.11875
88 0.4703125 0.3796875 0.184375 0.05625
88 0.4125 0.7328125 0.0640625 0.15
88 0.471875 0.4796875 0.18125 0.109375
88 0.46875 0.71875 0.05625 0.140625
88 0.5234375 0.70625 0.05625 0.1453125
88 0.63125 0.3125 0.1609375 0.1140625
88 0.5859375 0.5875 0.0640625 0.1140625
88 0.6328125 0.3875 0.1546875 0.0703125
88 0.590625 0.478125 0.059375 0.1046875
88 0.5890625 0.6953125 0.05625 0.140625
88 0.759375 0.39375 0.103125 0.0453125
88 0.7671875 0.3390625 0.109375 0.0953125
88 0.803125 0.471875 0.015625 0.05625
88 0.8046875 0.5890625 0.0125 0.0453125
88 0.8078125 0.5265625 0.009375 0.0515625
88 0.8640625 0.3546875 0.1 0.0859375
88 0.95 0.3625 0.084375 0.0609375
