83 0.7734375 0.8125 0.2140625 0.115625
83 0.4890625 0.6765625 0.0625 0.0328125
83 0.5203125 0.6921875 0.0875 0.0421875
83 0.553125 0.7265625 0.0859375 0.071875
83 0.6234375 0.76875 0.1265625 0.1078125
83 0.646875 0.6765625 0.0609375 0.028125
83 0.6828125 0.6828125 0.053125 0.028125
83 0.746875 0.721875 0.08125 0.065625
83 0.7734375 0.6703125 0.065625 0.03125
83 0.8375 0.7375 0.1171875 0.0828125
83 0.825 0.68125 0.0546875 0.03125
83 0.8921875 0.6765625 0.0640625 0.0515625
83 0.93125 0.696875 0.0703125 0.0296875
83 0.96875 0.684375 0.0609375 0.0390625
