86 0.928125 0.7609375 0.1171875 0.2046875
86 0.0953125 0.7515625 0.028125 0.228125
86 0.1296875 0.765625 0.096875 0.2171875
86 0.1484375 0.6859375 0.0625 0.0984375
86 0.3453125 0.7609375 0.11875 0.225
86 0.340625 0.68125 0.0359375 0.1203125
86 0.4578125 0.78125 0.13125 0.1859375
86 0.453125 0.7515625 0.090625 0.240625
86 0.5265625 0.759375 0.1390625 0.228125
86 0.671875 0.6140625 0.0265625 0.0703125
86 0.709375 0.6265625 0.071875 0.0828125
86 0.79375 0.6125 0.05625 0.0765625
86 0.8140625 0.6265625 0.065625 0.08125
