86 0.3765625 0.69375 0.15625 0.2359375
86 0.121875 0.4875 0.171875 0.1484375
86 0.2453125 0.5734375 0.09375 0.1234375
86 0.290625 0.6171875 0.0796875 0.1609375
86 0.2953125 0.5015625 0.0421875 0.025
86 0.3 0.4796875 0.015625 0.0203125
86 0.6203125 0.65625 0.06875 0.090625
86 0.73125 0.778125 0.259375 0.1109375
86 0.675 0.5078125 0.0359375 0.0328125
86 0.809375 0.64375 0.1015625 0.0984375
86 0.8015625 0.5234375 0.0375 0.03125
86 0.80625 0.7171875 0.0265625 0.0515625
86 0.8140625 0.559375 0.0203125 0.046875
86 0.8609375 0.6140625 0.03125 0.0515625
