86 0.01875 0.625 0.0359375 0.0203125
86 0.021875 0.6109375 0.04375 0.0140625
86 0.0484375 0.7125 0.096875 0.1578125
86 0.0953125 0.6875 0.0984375 0.1359375
86 0.0828125 0.6140625 0.059375 0.0203125
86 0.0890625 0.5953125 0.0328125 0.0109375
86 0.159375 0.6546875 0.078125 0.103125
86 0.1515625 0.5921875 0.03125 0.0109375
86 0.221875 0.6390625 0.05625 0.0953125
86 0.246875 0.61875 0.0515625 0.078125
86 0.7875 0.6296875 0.0515625 0.1
86 0.81875 0.65 0.0734375 0.1171875
86 0.8734375 0.6671875 0.0890625 0.1234375
86 0.853125 0.590625 0.040625 0.021875
86 0.903125 0.6015625 0.053125 0.01875
86 0.9484375 0.7 0.0984375 0.1515625
86 0.9390625 0.5921875 0.0390625 0.015625
86 0.9625 0.6 0.05625 0.0140625
86 0.9640625 0.6140625 0.05625 0.015625
86 0.984375 0.5875 0.0296875 0.01875
