86 0.0265625 0.68125 0.0515625 0.071875
86 0.0671875 0.5078125 0.0296875 0.0546875
86 0.1109375 0.63125 0.078125 0.140625
86 0.1125 0.5390625 0.0515625 0.0546875
86 0.215625 0.5796875 0.0765625 0.1265625
86 0.2625 0.5984375 0.0734375 0.115625
86 0.3484375 0.56875 0.096875 0.0984375
86 0.3890625 0.5421875 0.08125 0.0765625
86 0.4640625 0.5515625 0.075 0.0984375
86 0.521875 0.540625 0.0546875 0.0921875
86 0.540625 0.5328125 0.065625 0.0765625
86 0.603125 0.51875 0.0421875 0.075
86 0.6984375 0.503125 0.0484375 0.05625
86 0.775 0.4953125 0.0265625 0.0421875
86 0.7859375 0.490625 0.025 0.04375
86 0.9671875 0.5078125 0.0375 0.0578125
86 0.9765625 0.5171875 0.04375 0.0625
