86 0.1515625 0.7625 0.303125 0.2234375
86 0.14375 0.5375 0.03125 0.059375
86 0.253125 0.6625 0.21875 0.1875
86 0.2890625 0.5625 0.09375 0.08125
86 0.3265625 0.590625 0.1078125 0.0859375
86 0.3109375 0.50625 0.0484375 0.03125
86 0.334375 0.5296875 0.0890625 0.0453125
86 0.415625 0.58125 0.0890625 0.1203125
86 0.4375 0.546875 0.0734375 0.1046875
86 0.503125 0.6734375 0.134375 0.2390625
86 0.5875 0.7390625 0.2921875 0.2671875
86 0.6359375 0.5140625 0.0953125 0.0390625
86 0.6578125 0.5671875 0.071875 0.078125
86 0.840625 0.7078125 0.2515625 0.2328125
86 0.8703125 0.746875 0.25625 0.203125
86 0.865625 0.525 0.1359375 0.06875
