85 0.0265625 0.75 0.0515625 0.0671875
85 0.028125 0.821875 0.05625 0.103125
85 0.0921875 0.4078125 0.1828125 0.26875
85 0.09375 0.721875 0.0796875 0.06875
85 0.096875 0.7953125 0.084375 0.1078125
85 0.10625 0.846875 0.0625 0.034375
85 0.2765625 0.68125 0.06875 0.053125
85 0.2765625 0.7734375 0.065625 0.146875
85 0.3 0.440625 0.09375 0.18125
85 0.325 0.6875 0.0671875 0.0875
85 0.3265625 0.440625 0.0421875 0.184375
85 0.3375 0.6625 0.065625 0.0390625
85 0.340625 0.7 0.0609375 0.0328125
85 0.3890625 0.446875 0.0703125 0.1625
85 0.409375 0.675 0.08125 0.0671875
85 0.4625 0.446875 0.059375 0.16875
85 0.54375 0.65625 0.165625 0.0328125
85 0.5328125 0.396875 0.0625 0.0765625
85 0.6078125 0.3921875 0.075 0.0828125
85 0.659375 0.7328125 0.065625 0.16875
85 0.66875 0.44375 0.0484375 0.1828125
85 0.759375 0.38125 0.1109375 0.1
85 0.86875 0.3828125 0.1125 0.0890625
