86 0.346875 0.8078125 0.1328125 0.2375
86 0.0640625 0.7375 0.1265625 0.16875
86 0.0578125 0.6609375 0.096875 0.0734375
86 0.075 0.63125 0.0640625 0.059375
86 0.15 0.740625 0.14375 0.175
86 0.1578125 0.6671875 0.1375 0.084375
86 0.140625 0.6296875 0.06875 0.053125
86 0.196875 0.6015625 0.059375 0.0125
86 0.21875 0.6390625 0.0765625 0.065625
86 0.2390625 0.7015625 0.1140625 0.1484375
86 0.2515625 0.590625 0.034375 0.0078125
86 0.2671875 0.6046875 0.0515625 0.0203125
86 0.2984375 0.6515625 0.103125 0.084375
86 0.3015625 0.5890625 0.046875 0.015625
86 0.2921875 0.578125 0.025 0.0078125
86 0.4671875 0.5609375 0.3734375 0.028125
86 0.3421875 0.6265625 0.0765625 0.0625
86 0.346875 0.584375 0.0375 0.021875
86 0.3640625 0.6171875 0.0671875 0.05
86 0.4 0.6765625 0.10625 0.0484375
86 0.403125 0.5984375 0.0609375 0.0484375
86 0.4359375 0.6390625 0.084375 0.0328125
86 0.484375 0.8125 0.1625 0.234375
86 0.4734375 0.6140625 0.0640625 0.009375
86 0.5109375 0.7078125 0.1171875 0.1015625
86 0.4953125 0.60625 0.0578125 0.0171875
86 0.5015625 0.5984375 0.0578125 0.0203125
86 0.50625 0.5828125 0.05 0.009375
86 0.5265625 0.6484375 0.0890625 0.0421875
86 0.5296875 0.578125 0.0421875 0.00625
86 0.5515625 0.6203125 0.06875 0.01875
86 0.5625 0.59375 0.0578125 0.015625
86 0.5671875 0.603125 0.0578125 0.0125
86 0.5734375 0.578125 0.0453125 0.00625
86 0.628125 0.684375 0.1109375 0.0546875
86 0.640625 0.8234375 0.1375 0.2390625
86 0.621875 0.646875 0.096875 0.03125
86 0.628125 0.621875 0.071875 0.0109375
86 0.6265625 0.59375 0.05625 0.01875
86 0.6265625 0.584375 0.0578125 0.0125
86 0.6296875 0.60625 0.0609375 0.0171875
