88 0.178125 0.290625 0.2203125 0.11875
88 0.1890625 0.38125 0.2265625 0.1
88 0.1875 0.2203125 0.2125 0.1046875
88 0.3125 0.234375 0.1171875 0.0890625
88 0.31875 0.3625 0.1125 0.059375
88 0.3234375 0.3078125 0.1140625 0.103125
88 0.39375 0.30625 0.0953125 0.0609375
88 0.4 0.25625 0.08125 0.078125
88 0.4046875 0.609375 0.075 0.115625
88 0.40625 0.675 0.075 0.125
88 0.4109375 0.3625 0.0828125 0.0625
88 0.4515625 0.315625 0.0640625 0.05625
88 0.4625 0.6046875 0.059375 0.1421875
88 0.4609375 0.2671875 0.0484375 0.053125
88 0.465625 0.365625 0.05625 0.071875
88 0.5171875 0.5984375 0.0734375 0.1296875
88 0.5140625 0.54375 0.0609375 0.071875
