88 0.0265625 0.515625 0.053125 0.09375
88 0.028125 0.60625 0.0546875 0.1015625
88 0.028125 0.4296875 0.05625 0.0953125
88 0.0296875 0.684375 0.059375 0.0984375
88 0.03125 0.76875 0.0625 0.128125
88 0.128125 0.4359375 0.1609375 0.0828125
88 0.13125 0.5109375 0.165625 0.0953125
88 0.1390625 0.5921875 0.1625 0.090625
88 0.140625 0.6625 0.165625 0.078125
88 0.140625 0.7421875 0.1578125 0.153125
88 0.2984375 0.778125 0.24375 0.1109375
88 0.2609375 0.4609375 0.10625 0.109375
88 0.378125 0.46875 0.0671875 0.084375
88 0.553125 0.7515625 0.21875 0.1640625
88 0.4703125 0.4671875 0.0390625 0.059375
88 0.5171875 0.4703125 0.0296875 0.0453125
88 0.59375 0.80625 0.14375 0.0546875
88 0.5375 0.471875 0.028125 0.0328125
88 0.55 0.4671875 0.0390625 0.034375
88 0.58125 0.471875 0.0359375 0.0375
88 0.625 0.4640625 0.0453125 0.0484375
