88 0.134375 0.1828125 0.2671875 0.115625
88 0.4109375 0.378125 0.8203125 0.50625
88 0.1546875 0.4578125 0.2234375 0.1484375
88 0.1640625 0.30625 0.2125 0.165625
88 0.35 0.55 0.19375 0.05
88 0.4 0.4609375 0.2734375 0.140625
88 0.4046875 0.315625 0.265625 0.1453125
88 0.415625 0.1859375 0.278125 0.1203125
88 0.6671875 0.3203125 0.25625 0.1453125
88 0.6734375 0.1875 0.24375 0.125
88 0.6359375 0.5671875 0.103125 0.0953125
88 0.6875 0.4546875 0.1984375 0.1390625
88 0.8921875 0.4515625 0.2140625 0.125
88 0.89375 0.31875 0.2109375 0.1296875
88 0.8921875 0.378125 0.2046875 0.50625
88 0.896875 0.190625 0.2015625 0.1296875
