86 0.4859375 0.734375 0.1796875 0.1875
86 0.10625 0.63125 0.0765625 0.0609375
86 0.21875 0.5765625 0.046875 0.034375
86 0.246875 0.571875 0.0359375 0.034375
86 0.3390625 0.71875 0.153125 0.175
86 0.2796875 0.5703125 0.0296875 0.03125
86 0.3296875 0.571875 0.0265625 0.0375
86 0.3640625 0.5703125 0.025 0.03125
86 0.3921875 0.575 0.034375 0.034375
86 0.5046875 0.571875 0.0234375 0.034375
86 0.5265625 0.6046875 0.05625 0.0578125
86 0.571875 0.60625 0.0546875 0.0609375
86 0.621875 0.5828125 0.0265625 0.0453125
86 0.653125 0.575 0.021875 0.04375
86 0.678125 0.571875 0.0359375 0.040625
86 0.715625 0.6265625 0.0703125 0.10625
86 0.7703125 0.7484375 0.1171875 0.16875
86 0.8484375 0.625 0.078125 0.096875
86 0.9296875 0.765625 0.1390625 0.1328125
86 0.9671875 0.6578125 0.0640625 0.071875
