86 0.0578125 0.6765625 0.096875 0.215625
86 0.0046875 0.3671875 0.009375 0.0203125
86 0.025 0.5578125 0.0484375 0.065625
86 0.025 0.3921875 0.05 0.0296875
86 0.0359375 0.334375 0.0703125 0.09375
86 0.0859375 0.3703125 0.1125 0.06875
86 0.1515625 0.55625 0.134375 0.0875
86 0.159375 0.33125 0.10625 0.05625
86 0.1875 0.4015625 0.11875 0.0546875
86 0.1515625 0.4328125 0.0375 0.01875
86 0.1828125 0.2578125 0.0875 0.1203125
86 0.221875 0.7390625 0.15 0.1828125
86 0.234375 0.49375 0.1296875 0.0609375
86 0.2265625 0.2265625 0.1046875 0.0984375
86 0.2296875 0.303125 0.0921875 0.059375
86 0.2609375 0.3578125 0.1109375 0.078125
86 0.26875 0.21875 0.0875 0.0984375
86 0.3015625 0.634375 0.134375 0.13125
86 0.315625 0.4390625 0.13125 0.0796875
86 0.3109375 0.3328125 0.1109375 0.0890625
86 0.315625 0.1859375 0.0796875 0.0328125
86 0.3484375 0.7515625 0.1125 0.15625
86 0.371875 0.559375 0.1453125 0.1140625
86 0.3640625 0.2625 0.1125 0.1015625
86 0.353125 0.3953125 0.08125 0.0890625
86 0.3921875 0.240625 0.065625 0.115625
86 0.421875 0.353125 0.1125 0.0875
86 0.434375 0.484375 0.11875 0.0921875
86 0.4625 0.2875 0.103125 0.1171875
86 0.5046875 0.421875 0.1109375 0.0796875
86 0.5375 0.2875 0.090625 0.0875
86 0.571875 0.184375 0.0640625 0.03125
86 0.5828125 0.2625 0.0828125 0.109375
86 0.6015625 0.225 0.0578125 0.0671875
86 0.6484375 0.75 0.14375 0.1609375
86 0.690625 0.7171875 0.140625 0.1421875
86 0.6640625 0.3234375 0.0734375 0.1078125
86 0.6671875 0.2171875 0.0109375 0.028125
86 0.7703125 0.309375 0.0734375 0.0609375
86 0.7796875 0.434375 0.0265625 0.0359375
86 0.825 0.7859375 0.0546875 0.0890625
86 0.884375 0.7640625 0.109375 0.13125
