86 0.396875 0.74375 0.28125 0.3734375
86 0.071875 0.6953125 0.1421875 0.2765625
86 0.146875 0.51875 0.1625 0.1671875
86 0.16875 0.6171875 0.1984375 0.234375
86 0.371875 0.5078125 0.0953125 0.1375
86 0.396875 0.5375 0.0828125 0.1515625
86 0.475 0.559375 0.125 0.178125
86 0.5296875 0.6484375 0.159375 0.240625
86 0.4921875 0.434375 0.0703125 0.015625
86 0.5515625 0.4390625 0.0703125 0.0203125
86 0.7078125 0.8140625 0.26875 0.36875
86 0.634375 0.55 0.11875 0.1578125
86 0.69375 0.5859375 0.14375 0.184375
86 0.7828125 0.721875 0.2234375 0.346875
86 0.803125 0.4953125 0.046875 0.1015625
86 0.9375 0.6109375 0.121875 0.215625
86 0.9921875 0.515625 0.0140625 0.0234375
