86 0.1296875 0.5109375 0.040625 0.0828125
86 0.15 0.5140625 0.0484375 0.1
86 0.19375 0.5125 0.053125 0.0953125
86 0.2109375 0.5609375 0.0828125 0.1390625
86 0.2734375 0.571875 0.0859375 0.1484375
86 0.2625 0.484375 0.05 0.0203125
86 0.303125 0.4828125 0.0171875 0.025
86 0.365625 0.5734375 0.075 0.140625
86 0.3546875 0.4890625 0.01875 0.0171875
86 0.4359375 0.5609375 0.08125 0.13125
86 0.4375 0.4890625 0.0265625 0.0484375
86 0.4953125 0.59375 0.1 0.196875
86 0.51875 0.58125 0.053125 0.165625
86 0.6109375 0.6625 0.1453125 0.265625
86 0.578125 0.5140625 0.0671875 0.0203125
86 0.6390625 0.515625 0.040625 0.025
86 0.775 0.6765625 0.1671875 0.259375
86 0.7765625 0.515625 0.04375 0.05625
86 0.8671875 0.6578125 0.15625 0.234375
86 0.8484375 0.584375 0.0828125 0.1765625
86 0.8828125 0.625 0.1328125 0.2125
86 0.9625 0.571875 0.071875 0.140625
