86 0.109375 0.8203125 0.2171875 0.10625
86 0.021875 0.575 0.0359375 0.046875
86 0.19375 0.5921875 0.0890625 0.040625
86 0.1953125 0.6546875 0.084375 0.1078125
86 0.28125 0.5515625 0.0421875 0.071875
86 0.4265625 0.703125 0.1328125 0.1390625
86 0.43125 0.64375 0.128125 0.1015625
86 0.3953125 0.565625 0.0453125 0.0453125
86 0.59375 0.815625 0.2609375 0.115625
86 0.690625 0.6421875 0.1015625 0.1
86 0.7 0.55 0.0375 0.0609375
86 0.7640625 0.6953125 0.1453125 0.125
86 0.7328125 0.528125 0.0375 0.0375
86 0.7765625 0.575 0.0421875 0.0640625
86 0.7859375 0.5234375 0.046875 0.021875
86 0.8375 0.5375 0.0515625 0.0296875
86 0.88125 0.5421875 0.0328125 0.021875
86 0.8875 0.5234375 0.034375 0.0171875
86 0.9203125 0.5546875 0.065625 0.0265625
86 0.9671875 0.55625 0.05625 0.0515625
