86 0.0796875 0.80625 0.159375 0.1375
86 0.2515625 0.8078125 0.2234375 0.134375
86 0.4671875 0.80625 0.2046875 0.1375
86 0.521875 0.675 0.0625 0.0375
86 0.565625 0.63125 0.053125 0.0296875
86 0.68125 0.8046875 0.21875 0.1390625
86 0.678125 0.5359375 0.021875 0.009375
86 0.73125 0.696875 0.1171875 0.028125
86 0.690625 0.5265625 0.01875 0.0125
86 0.7078125 0.53125 0.025 0.034375
86 0.7765625 0.525 0.0296875 0.01875
86 0.778125 0.5359375 0.0125 0.0171875
86 0.890625 0.7953125 0.2171875 0.1578125
86 0.8140625 0.628125 0.0515625 0.0328125
86 0.803125 0.5265625 0.015625 0.01875
86 0.8265625 0.525 0.01875 0.015625
86 0.8453125 0.528125 0.0171875 0.015625
86 0.8671875 0.5296875 0.0171875 0.0171875
86 0.8890625 0.5359375 0.0203125 0.0203125
86 0.90625 0.540625 0.0078125 0.0203125
86 0.9546875 0.5328125 0.0875 0.0234375
86 0.921875 0.54375 0.0109375 0.0140625
86 0.940625 0.54375 0.009375 0.021875
86 0.9515625 0.5484375 0.0078125 0.0234375
86 0.9765625 0.559375 0.028125 0.034375
