86 0.065625 0.7375 0.1296875 0.1890625
86 0.14375 0.571875 0.0734375 0.0609375
86 0.253125 0.740625 0.2015625 0.16875
86 0.346875 0.5875 0.0984375 0.1234375
86 0.41875 0.715625 0.1515625 0.234375
86 0.5796875 0.721875 0.1625 0.221875
86 0.5375 0.528125 0.0296875 0.0265625
86 0.6953125 0.571875 0.0640625 0.13125
86 0.7671875 0.7046875 0.184375 0.25625
86 0.7 0.4234375 0.0234375 0.0203125
86 0.7796875 0.4390625 0.0328125 0.0296875
86 0.9140625 0.4640625 0.015625 0.04375
86 0.965625 0.515625 0.065625 0.1328125
