88 0.0265625 0.4625 0.053125 0.14375
88 0.1046875 0.359375 0.1359375 0.384375
88 0.0578125 0.2921875 0.025 0.0515625
88 0.0625 0.3265625 0.028125 0.0515625
88 0.0640625 0.3546875 0.028125 0.04375
88 0.06875 0.384375 0.028125 0.0375
88 0.0703125 0.4140625 0.0234375 0.0390625
88 0.0765625 0.4453125 0.0296875 0.025
88 0.0828125 0.4703125 0.0328125 0.0375
88 0.0828125 0.2734375 0.028125 0.05
88 0.0859375 0.503125 0.0296875 0.034375
88 0.0859375 0.3046875 0.025 0.046875
88 0.0921875 0.3375 0.0328125 0.0484375
88 0.0984375 0.3703125 0.0359375 0.04375
88 0.103125 0.4046875 0.0375 0.04375
88 0.1078125 0.440625 0.0296875 0.04375
88 0.1125 0.4734375 0.025 0.034375
88 0.1171875 0.5078125 0.0328125 0.0359375
88 0.128125 0.2234375 0.05 0.084375
88 0.1296875 0.2671875 0.05 0.0796875
88 0.1359375 0.303125 0.0515625 0.08125
88 0.140625 0.346875 0.046875 0.0640625
88 0.14375 0.3890625 0.05 0.053125
88 0.1484375 0.4296875 0.0546875 0.0453125
88 0.153125 0.471875 0.0546875 0.0375
88 0.1578125 0.5140625 0.05625 0.04375
88 0.3046875 0.415625 0.315625 0.496875
88 0.18125 0.1921875 0.0625 0.05
88 0.1984375 0.2171875 0.0859375 0.0984375
88 0.2046875 0.309375 0.0875 0.0921875
88 0.20625 0.2578125 0.0875 0.1109375
88 0.209375 0.3671875 0.0859375 0.071875
88 0.2140625 0.4171875 0.090625 0.0609375
88 0.2203125 0.4765625 0.09375 0.05625
88 0.2234375 0.5265625 0.0921875 0.065625
88 0.2640625 0.1828125 0.05625 0.0296875
88 0.328125 0.2109375 0.165625 0.0875
88 0.3296875 0.25 0.1671875 0.1515625
88 0.334375 0.321875 0.1734375 0.128125
88 0.34375 0.4015625 0.1765625 0.0953125
88 0.35 0.478125 0.175 0.0890625
88 0.353125 0.5609375 0.1828125 0.109375
88 0.509375 0.2 0.19375 0.065625
88 0.678125 0.48125 0.515625 0.6265625
88 0.6671875 0.2515625 0.4953125 0.1671875
88 0.6734375 0.33125 0.490625 0.1953125
88 0.6765625 0.496875 0.484375 0.1640625
88 0.6828125 0.6375 0.4875 0.221875
88 0.9625 0.490625 0.071875 0.646875
88 0.965625 0.2078125 0.065625 0.08125
88 0.965625 0.33125 0.065625 0.184375
88 0.9671875 0.5078125 0.0625 0.1703125
88 0.96875 0.678125 0.0609375 0.16875
