88 0.240625 0.4984375 0.425 0.746875
88 0.475 0.834375 0.05625 0.078125
88 0.48125 0.2515625 0.0625 0.1671875
88 0.475 0.1625 0.046875 0.075
88 0.4828125 0.7421875 0.0578125 0.1671875
88 0.4796875 0.56875 0.0453125 0.159375
88 0.48125 0.4140625 0.05 0.1484375
88 0.53125 0.753125 0.078125 0.178125
88 0.534375 0.853125 0.0796875 0.0421875
88 0.5296875 0.1453125 0.0578125 0.040625
88 0.5359375 0.58125 0.06875 0.165625
88 0.534375 0.2203125 0.053125 0.1890625
88 0.5421875 0.4078125 0.0609375 0.1546875
88 0.5953125 0.2140625 0.0875 0.178125
88 0.5984375 0.590625 0.0734375 0.2078125
88 0.603125 0.384375 0.078125 0.1875
88 0.63125 0.771875 0.1328125 0.20625
88 0.69375 0.2015625 0.1171875 0.153125
88 0.7 0.6140625 0.1125 0.2359375
88 0.6953125 0.784375 0.1 0.1796875
88 0.6984375 0.3765625 0.0953125 0.2203125
88 0.8203125 0.3734375 0.15625 0.225
88 0.8171875 0.621875 0.1375 0.2453125
88 0.8125 0.1828125 0.1265625 0.115625
88 0.83125 0.796875 0.140625 0.1546875
88 0.9421875 0.6453125 0.1125 0.30625
88 0.946875 0.35 0.1046875 0.3
88 0.9484375 0.8328125 0.1015625 0.08125
88 0.9484375 0.1703125 0.1 0.0890625
