86 0.0515625 0.590625 0.1015625 0.1484375
86 0.128125 0.55 0.0484375 0.11875
86 0.153125 0.5671875 0.0484375 0.1390625
86 0.28125 0.590625 0.103125 0.171875
86 0.3578125 0.69375 0.1609375 0.271875
86 0.33125 0.465625 0.0265625 0.01875
86 0.359375 0.5265625 0.0609375 0.078125
86 0.409375 0.6390625 0.096875 0.2015625
86 0.4390625 0.4484375 0.0109375 0.01875
86 0.58125 0.665625 0.1484375 0.2328125
86 0.64375 0.4875 0.0484375 0.0234375
86 0.6546875 0.4484375 0.03125 0.0109375
86 0.7046875 0.596875 0.1296875 0.19375
86 0.6578125 0.46875 0.028125 0.0265625
86 0.6671875 0.4359375 0.015625 0.015625
86 0.75625 0.4859375 0.0375 0.0734375
86 0.75625 0.4328125 0.0140625 0.015625
86 0.8109375 0.415625 0.0328125 0.0125
86 0.8484375 0.4328125 0.046875 0.015625
86 0.871875 0.5609375 0.084375 0.1125
86 0.8640625 0.4140625 0.040625 0.0171875
86 0.903125 0.43125 0.053125 0.015625
86 0.91875 0.49375 0.075 0.1296875
