86 0.0859375 0.765625 0.1703125 0.134375
86 0.2296875 0.7640625 0.090625 0.1375
86 0.3640625 0.5765625 0.09375 0.0734375
86 0.4609375 0.7546875 0.1484375 0.15625
86 0.4078125 0.515625 0.03125 0.0515625
86 0.415625 0.55625 0.021875 0.09375
86 0.496875 0.5671875 0.0421875 0.065625
86 0.5578125 0.5765625 0.08125 0.0921875
86 0.6140625 0.7484375 0.159375 0.1609375
86 0.5625 0.521875 0.0390625 0.028125
86 0.68125 0.584375 0.0703125 0.096875
86 0.7046875 0.4875 0.0234375 0.015625
86 0.759375 0.6953125 0.0890625 0.059375
86 0.775 0.5546875 0.0390625 0.04375
86 0.8171875 0.4671875 0.028125 0.0140625
86 0.878125 0.5390625 0.0546875 0.0390625
86 0.965625 0.6609375 0.065625 0.034375
