86 0.0171875 0.81875 0.034375 0.028125
86 0.0375 0.775 0.03125 0.0671875
86 0.0421875 0.8140625 0.0125 0.0390625
86 0.26875 0.7515625 0.0390625 0.0265625
86 0.2796875 0.7765625 0.0171875 0.0171875
86 0.3046875 0.7546875 0.0265625 0.015625
86 0.325 0.5890625 0.0515625 0.015625
86 0.428125 0.5828125 0.046875 0.0109375
86 0.5359375 0.5890625 0.0296875 0.015625
86 0.6359375 0.8203125 0.0765625 0.0265625
86 0.7578125 0.8 0.121875 0.0640625
86 0.725 0.7359375 0.0359375 0.0609375
86 0.7953125 0.784375 0.1328125 0.084375
86 0.8734375 0.778125 0.03125 0.109375
86 0.91875 0.7734375 0.0171875 0.11875
86 0.94375 0.68125 0.0328125 0.015625
86 0.9765625 0.7609375 0.0453125 0.140625
