86 0.134375 0.6453125 0.19375 0.159375
86 0.134375 0.5890625 0.0484375 0.05625
86 0.1765625 0.590625 0.0640625 0.071875
86 0.275 0.6953125 0.2125 0.178125
86 0.2453125 0.653125 0.0765625 0.16875
86 0.3140625 0.5875 0.078125 0.0609375
86 0.40625 0.7578125 0.23125 0.23125
86 0.3328125 0.584375 0.05 0.0546875
86 0.6390625 0.7578125 0.321875 0.228125
86 0.565625 0.596875 0.0796875 0.0953125
86 0.6140625 0.6859375 0.1578125 0.171875
86 0.571875 0.5578125 0.046875 0.0375
86 0.6609375 0.5890625 0.115625 0.065625
86 0.728125 0.69375 0.2234375 0.1703125
86 0.746875 0.6 0.1015625 0.115625
86 0.8796875 0.6453125 0.153125 0.146875
86 0.94375 0.665625 0.1109375 0.1828125
86 0.978125 0.584375 0.0375 0.0453125
