86 0.55625 0.6953125 0.134375 0.2546875
86 0.0234375 0.50625 0.046875 0.0578125
86 0.025 0.8296875 0.05 0.090625
86 0.06875 0.5140625 0.04375 0.0859375
86 0.084375 0.5234375 0.05 0.078125
86 0.1046875 0.528125 0.0578125 0.0875
86 0.1578125 0.5640625 0.0578125 0.0921875
86 0.1890625 0.5625 0.0671875 0.121875
86 0.215625 0.5734375 0.0640625 0.1296875
86 0.278125 0.6 0.103125 0.1546875
86 0.3390625 0.61875 0.1421875 0.184375
86 0.3625 0.5109375 0.021875 0.0140625
86 0.3859375 0.4875 0.0234375 0.0265625
86 0.4265625 0.58125 0.065625 0.1546875
86 0.46875 0.596875 0.0453125 0.159375
86 0.7125 0.7375 0.228125 0.271875
86 0.78125 0.5828125 0.025 0.025
86 0.884375 0.759375 0.23125 0.23125
