85 0.159375 0.353125 0.1265625 0.1234375
85 0.165625 0.25625 0.1296875 0.103125
85 0.16875 0.4671875 0.125 0.125
85 0.1703125 0.5859375 0.125 0.1359375
85 0.175 0.69375 0.128125 0.11875
85 0.2828125 0.3703125 0.1171875 0.0890625
85 0.2828125 0.5796875 0.115625 0.1234375
85 0.284375 0.4734375 0.1171875 0.1125
85 0.2796875 0.271875 0.1046875 0.1109375
85 0.284375 0.68125 0.1046875 0.1
85 0.4578125 0.2953125 0.25 0.1
85 0.3890625 0.659375 0.09375 0.1703125
85 0.475 0.6453125 0.0734375 0.1609375
85 0.5796875 0.6421875 0.153125 0.15625
85 0.65625 0.3453125 0.21875 0.2140625
85 0.6890625 0.6375 0.0765625 0.1421875
85 0.75 0.6296875 0.0671875 0.1453125
85 0.79375 0.471875 0.134375 0.453125
85 0.89375 0.465625 0.08125 0.4359375
