86 0.01875 0.6609375 0.0359375 0.103125
86 0.025 0.5234375 0.04375 0.034375
86 0.0484375 0.509375 0.0578125 0.0484375
86 0.053125 0.5203125 0.05 0.0421875
86 0.0578125 0.5046875 0.0390625 0.0515625
86 0.090625 0.578125 0.0640625 0.140625
86 0.125 0.5859375 0.0859375 0.1453125
86 0.5546875 0.49375 0.8875 0.1640625
86 0.1546875 0.546875 0.0671875 0.096875
86 0.2171875 0.5421875 0.0734375 0.1078125
86 0.225 0.4984375 0.0375 0.059375
86 0.3171875 0.6 0.1125 0.146875
86 0.30625 0.5796875 0.0703125 0.1390625
86 0.3671875 0.6125 0.09375 0.153125
86 0.3765625 0.575 0.0703125 0.1484375
86 0.4546875 0.6125 0.1 0.14375
86 0.4890625 0.5734375 0.0765625 0.1375
86 0.4765625 0.509375 0.040625 0.03125
86 0.509375 0.59375 0.084375 0.1484375
86 0.5125 0.49375 0.03125 0.03125
86 0.51875 0.534375 0.0375 0.09375
86 0.53125 0.528125 0.0421875 0.1015625
86 0.628125 0.575 0.096875 0.1296875
86 0.68125 0.5890625 0.0765625 0.140625
86 0.7140625 0.5015625 0.040625 0.0234375
86 0.7796875 0.5921875 0.096875 0.1328125
86 0.7953125 0.5015625 0.046875 0.0265625
86 0.8515625 0.584375 0.1171875 0.1390625
86 0.859375 0.55625 0.0765625 0.125
