85 0.4609375 0.5046875 0.9203125 0.734375
85 0.1109375 0.6703125 0.13125 0.109375
85 0.1375 0.2171875 0.175 0.1828125
85 0.1234375 0.7765625 0.134375 0.1953125
85 0.2453125 0.23125 0.1265625 0.178125
85 0.2703125 0.7078125 0.171875 0.2515625
85 0.2765625 0.8015625 0.1625 0.1421875
85 0.31875 0.265625 0.0734375 0.2546875
85 0.3828125 0.659375 0.071875 0.1796875
85 0.3578125 0.340625 0.015625 0.0375
85 0.3578125 0.30625 0.0171875 0.0328125
85 0.3828125 0.5609375 0.065625 0.0625
85 0.359375 0.23125 0.015625 0.0375
85 0.3609375 0.378125 0.01875 0.0375
85 0.359375 0.2671875 0.015625 0.0359375
85 0.3609375 0.190625 0.0140625 0.0421875
85 0.4359375 0.2828125 0.0984375 0.2171875
85 0.43125 0.6140625 0.03125 0.1828125
85 0.4703125 0.6171875 0.0609375 0.1890625
85 0.503125 0.3453125 0.034375 0.0359375
85 0.503125 0.30625 0.0328125 0.0328125
85 0.503125 0.375 0.0328125 0.03125
85 0.5046875 0.240625 0.03125 0.03125
85 0.5046875 0.271875 0.03125 0.0328125
85 0.55 0.6375 0.1 0.1484375
85 0.5578125 0.5484375 0.0921875 0.0265625
85 0.5796875 0.303125 0.1078125 0.190625
85 0.6375 0.653125 0.0828125 0.146875
85 0.684375 0.5640625 0.1578125 0.040625
85 0.7171875 0.659375 0.096875 0.1484375
85 0.840625 0.7109375 0.18125 0.09375
85 0.8484375 0.6125 0.190625 0.1015625
85 0.890625 0.2953125 0.2171875 0.2078125
85 0.9578125 0.7140625 0.0484375 0.159375
85 0.9734375 0.771875 0.053125 0.203125
85 0.975 0.60625 0.040625 0.078125
85 0.9875 0.653125 0.021875 0.09375
