86 0.725 0.7203125 0.5484375 0.3078125
86 0.225 0.3359375 0.0328125 0.025
86 0.25 0.4046875 0.0734375 0.128125
86 0.240625 0.321875 0.0296875 0.021875
86 0.2578125 0.3421875 0.05 0.015625
86 0.2875 0.5453125 0.0859375 0.1234375
86 0.265625 0.3328125 0.03125 0.028125
86 0.4421875 0.4671875 0.134375 0.265625
86 0.4640625 0.371875 0.15 0.115625
86 0.4734375 0.4296875 0.1078125 0.190625
86 0.940625 0.5109375 0.115625 0.2703125
86 0.965625 0.5546875 0.065625 0.0875
86 0.9828125 0.41875 0.03125 0.1953125
