88 0.2046875 0.334375 0.128125 0.0625
88 0.20625 0.5796875 0.1265625 0.059375
88 0.2046875 0.3921875 0.121875 0.053125
88 0.20625 0.4515625 0.121875 0.065625
88 0.209375 0.51875 0.128125 0.0640625
88 0.3203125 0.4703125 0.3484375 0.321875
88 0.2984375 0.3359375 0.0640625 0.0578125
88 0.3 0.4515625 0.0640625 0.065625
88 0.3 0.3953125 0.059375 0.059375
88 0.3015625 0.575 0.0640625 0.0609375
88 0.3046875 0.5140625 0.0640625 0.0625
88 0.3609375 0.3375 0.0625 0.0546875
88 0.3609375 0.3953125 0.0578125 0.0515625
88 0.4453125 0.3984375 0.1125 0.053125
88 0.446875 0.5578125 0.1125 0.0234375
88 0.446875 0.3421875 0.1078125 0.053125
88 0.4484375 0.5140625 0.109375 0.0546875
88 0.8578125 0.4640625 0.196875 0.2921875
