82 0.428125 0.4421875 0.08125 0.0546875
82 0.4765625 0.5078125 0.18125 0.121875
82 0.4640625 0.4296875 0.05625 0.0375
82 0.540625 0.4640625 0.096875 0.0671875
82 0.565625 0.4484375 0.06875 0.0546875
82 0.5609375 0.40625 0.053125 0.0234375
82 0.56875 0.4234375 0.0328125 0.01875
82 0.6484375 0.7890625 0.14375 0.16875
82 0.628125 0.4078125 0.03125 0.0296875
82 0.7921875 0.6046875 0.3171875 0.196875
82 0.6671875 0.415625 0.0421875 0.034375
82 0.7078125 0.4625 0.10625 0.040625
82 0.6984375 0.4421875 0.06875 0.03125
82 0.696875 0.4265625 0.0484375 0.015625
82 0.7375 0.51875 0.10625 0.084375
