86 0.559375 0.7515625 0.121875 0.1453125
86 0.5046875 0.65 0.0921875 0.1078125
86 0.5140625 0.6328125 0.0609375 0.103125
86 0.553125 0.5828125 0.0375 0.040625
86 0.565625 0.575 0.034375 0.0390625
86 0.58125 0.6296875 0.0578125 0.0953125
86 0.5875 0.6546875 0.0609375 0.1078125
86 0.63125 0.68125 0.1046875 0.1375
86 0.621875 0.5875 0.0375 0.0609375
86 0.61875 0.590625 0.021875 0.034375
86 0.6609375 0.7171875 0.10625 0.13125
86 0.7203125 0.653125 0.0921875 0.0921875
86 0.7609375 0.721875 0.11875 0.0625
86 0.7796875 0.70625 0.1296875 0.1109375
