88 0.1765625 0.6765625 0.353125 0.1359375
88 0.1796875 0.43125 0.359375 0.128125
88 0.1828125 0.2265625 0.365625 0.1203125
88 0.1828125 0.55 0.365625 0.1421875
88 0.184375 0.7953125 0.36875 0.075
88 0.1875 0.321875 0.375 0.140625
88 0.54375 0.68125 0.403125 0.159375
88 0.525 0.41875 0.346875 0.1328125
88 0.6046875 0.303125 0.5015625 0.1125
88 0.609375 0.790625 0.503125 0.0859375
88 0.5875 0.2078125 0.45625 0.084375
88 0.515625 0.5515625 0.30625 0.1375
88 0.9078125 0.2078125 0.18125 0.0828125
88 0.9109375 0.5515625 0.171875 0.153125
88 0.9140625 0.7109375 0.1671875 0.1296875
88 0.9203125 0.425 0.1578125 0.115625
88 0.925 0.8109375 0.146875 0.0453125
88 0.9265625 0.29375 0.146875 0.1171875
