86 0.0234375 0.5171875 0.0375 0.0390625
86 0.1109375 0.571875 0.0953125 0.1359375
86 0.0984375 0.5 0.0328125 0.01875
86 0.1625 0.575 0.1 0.1515625
86 0.1921875 0.5015625 0.0203125 0.0140625
86 0.284375 0.6265625 0.1296875 0.1734375
86 0.246875 0.5078125 0.0234375 0.021875
86 0.303125 0.5 0.0125 0.021875
86 0.3390625 0.540625 0.0734375 0.08125
86 0.515625 0.765625 0.3171875 0.215625
86 0.484375 0.559375 0.059375 0.0765625
86 0.7421875 0.5703125 0.0984375 0.075
86 0.8390625 0.534375 0.0640625 0.04375
86 0.871875 0.521875 0.0375 0.0359375
86 0.9828125 0.5296875 0.03125 0.034375
86 0.9828125 0.5875 0.03125 0.0765625
86 0.984375 0.5359375 0.0296875 0.0390625
