88 0.2109375 0.8578125 0.4203125 0.2796875
88 0.21875 0.3328125 0.4359375 0.228125
88 0.21875 0.5859375 0.4359375 0.3125
88 0.2265625 0.1171875 0.453125 0.2328125
88 0.4984375 0.5 0.996875 0.9953125
88 0.65625 0.8421875 0.4875 0.290625
88 0.6703125 0.5796875 0.4765625 0.2796875
88 0.671875 0.9671875 0.4703125 0.0609375
88 0.6890625 0.3453125 0.4921875 0.234375
88 0.7 0.1171875 0.484375 0.2328125
88 0.7578125 0.0359375 0.3578125 0.071875
88 0.953125 0.8046875 0.090625 0.1875
88 0.9625 0.578125 0.06875 0.2515625
88 0.975 0.3421875 0.046875 0.19375
