88 0.3109375 0.6640625 0.3703125 0.5375
88 0.3125 0.571875 0.375 0.4125
88 0.315625 0.4609375 0.38125 0.271875
88 0.3234375 0.2578125 0.3953125 0.253125
88 0.325 0.1421875 0.3984375 0.284375
88 0.3359375 0.478125 0.421875 0.95625
88 0.4140625 0.121875 0.21875 0.24375
88 0.475 0.0984375 0.10625 0.196875
88 0.5953125 0.5015625 0.034375 0.1515625
88 0.7265625 0.5 0.29375 0.9984375
88 0.615625 0.453125 0.0609375 0.1625
88 0.6203125 0.396875 0.05625 0.125
88 0.634375 0.33125 0.0609375 0.0828125
88 0.640625 0.8359375 0.0734375 0.325
88 0.640625 0.5578125 0.06875 0.1984375
88 0.65 0.2484375 0.0765625 0.1046875
88 0.6609375 0.1796875 0.0953125 0.1515625
88 0.728125 0.7703125 0.1828125 0.459375
88 0.6703125 0.4359375 0.065625 0.175
88 0.70625 0.290625 0.0796875 0.175
88 0.7703125 0.70625 0.20625 0.584375
88 0.728125 0.1515625 0.0828125 0.190625
88 0.78125 0.3953125 0.1859375 0.36875
88 0.8015625 0.1296875 0.1453125 0.2578125
