86 0.1203125 0.5453125 0.0734375 0.0953125
86 0.1265625 0.5609375 0.0625 0.1
86 0.1921875 0.54375 0.0515625 0.096875
86 0.21875 0.553125 0.0640625 0.09375
86 0.25 0.53125 0.05 0.109375
86 0.3296875 0.5515625 0.0640625 0.0859375
86 0.3546875 0.4703125 0.0328125 0.021875
86 0.35625 0.4921875 0.0296875 0.0359375
86 0.390625 0.5359375 0.0296875 0.0859375
86 0.4046875 0.553125 0.0578125 0.0984375
86 0.43125 0.4453125 0.0421875 0.0671875
86 0.440625 0.403125 0.040625 0.0109375
86 0.4921875 0.525 0.0546875 0.0890625
86 0.4875 0.4453125 0.0421875 0.065625
86 0.5015625 0.5609375 0.065625 0.1078125
86 0.4859375 0.4046875 0.0296875 0.0203125
86 0.5328125 0.5640625 0.05 0.0953125
86 0.5265625 0.4078125 0.028125 0.015625
86 0.534375 0.4546875 0.0390625 0.0984375
86 0.5796875 0.540625 0.0515625 0.1015625
86 0.6046875 0.5609375 0.0484375 0.1
86 0.6390625 0.515625 0.065625 0.084375
86 0.65 0.5046875 0.05 0.096875
86 0.68125 0.5203125 0.046875 0.0984375
86 0.7203125 0.4296875 0.040625 0.059375
86 0.7609375 0.41875 0.05 0.0484375
86 0.8109375 0.3921875 0.0265625 0.015625
86 0.8484375 0.3921875 0.040625 0.01875
