86 0.509375 0.75625 0.1484375 0.15
86 0.1109375 0.621875 0.0125 0.0328125
86 0.11875 0.69375 0.0171875 0.1046875
86 0.140625 0.640625 0.05 0.059375
86 0.1484375 0.6890625 0.0390625 0.05625
86 0.290625 0.5703125 0.05 0.021875
86 0.3296875 0.66875 0.034375 0.059375
86 0.371875 0.6828125 0.05 0.0484375
86 0.425 0.7421875 0.0734375 0.15625
86 0.490625 0.6671875 0.0421875 0.059375
86 0.6140625 0.73125 0.1171875 0.14375
86 0.6703125 0.678125 0.0578125 0.0921875
86 0.70625 0.659375 0.0609375 0.0890625
86 0.8359375 0.6828125 0.0890625 0.13125
86 0.91875 0.703125 0.096875 0.109375
