86 0.49375 0.75 0.2859375 0.25
86 0.0734375 0.8078125 0.1453125 0.13125
86 0.178125 0.7546875 0.3078125 0.2375
86 0.078125 0.425 0.0453125 0.0375
86 0.1828125 0.4234375 0.0671875 0.0421875
86 0.196875 0.4984375 0.0890625 0.096875
86 0.2953125 0.509375 0.0828125 0.059375
86 0.3328125 0.4578125 0.08125 0.06875
86 0.328125 0.459375 0.0375 0.0375
86 0.38125 0.4828125 0.0734375 0.10625
86 0.4453125 0.4671875 0.053125 0.1171875
86 0.46875 0.4765625 0.046875 0.1234375
86 0.521875 0.5171875 0.0828125 0.071875
86 0.6515625 0.70625 0.1796875 0.334375
86 0.625 0.5875 0.0953125 0.1984375
86 0.8140625 0.5453125 0.059375 0.0890625
86 0.8609375 0.5140625 0.0875 0.1703125
86 0.921875 0.4421875 0.0546875 0.03125
86 0.95625 0.53125 0.0859375 0.15
86 0.9921875 0.45 0.0140625 0.034375
