86 0.5109375 0.740625 0.13125 0.1453125
86 0.009375 0.6140625 0.01875 0.034375
86 0.196875 0.7515625 0.14375 0.1625
86 0.209375 0.553125 0.046875 0.0640625
86 0.24375 0.5453125 0.0453125 0.084375
86 0.2828125 0.75625 0.1234375 0.153125
86 0.2859375 0.5421875 0.04375 0.0734375
86 0.3296875 0.54375 0.034375 0.0625
86 0.403125 0.7546875 0.103125 0.15625
86 0.3953125 0.5453125 0.034375 0.0671875
86 0.4359375 0.540625 0.03125 0.06875
86 0.471875 0.54375 0.0453125 0.0546875
86 0.515625 0.540625 0.0390625 0.059375
86 0.5515625 0.5421875 0.0484375 0.0734375
86 0.6109375 0.7515625 0.1234375 0.1625
86 0.6734375 0.553125 0.0609375 0.078125
86 0.7078125 0.746875 0.1 0.171875
86 0.759375 0.5703125 0.05625 0.0859375
86 0.828125 0.590625 0.0703125 0.1046875
86 0.9453125 0.671875 0.109375 0.121875
