88 0.3515625 0.503125 0.4015625 0.059375
88 0.353125 0.4015625 0.390625 0.0609375
88 0.2453125 0.571875 0.1671875 0.1
88 0.3171875 0.590625 0.2203125 0.090625
88 0.3 0.68125 0.1671875 0.103125
88 0.4046875 0.4453125 0.303125 0.0703125
88 0.5265625 0.746875 0.34375 0.18125
88 0.465625 0.6265625 0.20625 0.103125
88 0.7265625 0.8015625 0.49375 0.1453125
88 0.728125 0.6625 0.4890625 0.1828125
88 0.6953125 0.4625 0.2984375 0.0671875
88 0.625 0.5015625 0.146875 0.059375
88 0.7 0.4203125 0.278125 0.03125
88 0.9109375 0.471875 0.175 0.1546875
