88 0.1453125 0.5625 0.2515625 0.3109375
88 0.2625 0.1609375 0.30625 0.0703125
88 0.26875 0.1796875 0.3 0.084375
88 0.2859375 0.228125 0.271875 0.0578125
88 0.2859375 0.2421875 0.271875 0.0484375
88 0.284375 0.1890625 0.265625 0.0609375
88 0.2859375 0.2078125 0.2671875 0.0578125
88 0.2828125 0.49375 0.2234375 0.196875
88 0.371875 0.26875 0.1046875 0.0203125
88 0.4796875 0.484375 0.0578125 0.1734375
88 0.6078125 0.3484375 0.2296875 0.0296875
88 0.6171875 0.453125 0.2453125 0.11875
88 0.615625 0.378125 0.2328125 0.0328125
88 0.628125 0.4796875 0.2171875 0.140625
88 0.9078125 0.409375 0.1828125 0.0375
88 0.9078125 0.44375 0.18125 0.0375
88 0.9203125 0.375 0.15625 0.0203125
88 0.921875 0.3453125 0.153125 0.0421875
88 0.971875 0.4984375 0.053125 0.0796875
