88 0.20625 0.4765625 0.178125 0.221875
88 0.071875 0.3921875 0.1421875 0.0453125
88 0.040625 0.4625 0.0265625 0.015625
88 0.059375 0.434375 0.0546875 0.0359375
88 0.55 0.30625 0.265625 0.06875
88 0.5640625 0.6828125 0.0515625 0.121875
88 0.5765625 0.521875 0.0734375 0.096875
88 0.5734375 0.3765625 0.0640625 0.084375
88 0.575 0.5859375 0.0609375 0.1015625
88 0.578125 0.44375 0.0546875 0.0625
88 0.58125 0.65 0.0609375 0.0984375
88 0.621875 0.36875 0.0390625 0.0640625
88 0.6203125 0.5453125 0.0359375 0.0875
88 0.625 0.43125 0.04375 0.071875
88 0.621875 0.49375 0.0359375 0.0703125
88 0.6265625 0.621875 0.0421875 0.09375
88 0.653125 0.4765625 0.03125 0.059375
88 0.6546875 0.3734375 0.03125 0.05625
88 0.6546875 0.4234375 0.03125 0.0609375
88 0.659375 0.5296875 0.0328125 0.0640625
88 0.6578125 0.584375 0.03125 0.090625
88 0.6828125 0.36875 0.03125 0.0484375
88 0.6828125 0.503125 0.0265625 0.059375
88 0.6828125 0.415625 0.025 0.046875
88 0.6828125 0.4625 0.025 0.0609375
88 0.6859375 0.559375 0.0265625 0.0828125
