85 0.3109375 0.4703125 0.053125 0.1359375
85 0.3609375 0.5578125 0.0703125 0.075
85 0.421875 0.5046875 0.140625 0.021875
85 0.4203125 0.5578125 0.084375 0.0765625
85 0.4421875 0.465625 0.1125 0.0265625
85 0.4796875 0.553125 0.0515625 0.065625
85 0.5375 0.553125 0.0546875 0.059375
85 0.6171875 0.4703125 0.1109375 0.028125
85 0.5921875 0.55 0.0484375 0.059375
85 0.6375 0.55 0.034375 0.059375
85 0.665625 0.525 0.04375 0.1671875
85 0.665625 0.55625 0.0265625 0.0734375
85 0.7453125 0.503125 0.1359375 0.2453125
