88 0.2265625 0.28125 0.453125 0.11875
88 0.2484375 0.1765625 0.496875 0.103125
88 0.240625 0.2125 0.475 0.15
88 0.228125 0.346875 0.4296875 0.0953125
88 0.2296875 0.4046875 0.415625 0.0546875
88 0.1140625 0.4703125 0.1734375 0.059375
88 0.3375 0.5171875 0.153125 0.0890625
88 0.3921875 0.153125 0.2140625 0.05625
88 0.4984375 0.503125 0.1328125 0.0765625
88 0.4875 0.3546875 0.1015625 0.0421875
88 0.7171875 0.2171875 0.4890625 0.1640625
88 0.5578125 0.2765625 0.1578125 0.078125
88 0.7125 0.2484375 0.4625 0.1421875
88 0.546875 0.31875 0.1234375 0.053125
88 0.6421875 0.490625 0.1484375 0.065625
88 0.646875 0.4203125 0.15625 0.0546875
88 0.7703125 0.7 0.3453125 0.25625
88 0.7890625 0.41875 0.075 0.0515625
