85 0.053125 0.321875 0.10625 0.05625
85 0.0546875 0.390625 0.1078125 0.0671875
85 0.0546875 0.446875 0.1078125 0.059375
85 0.0578125 0.4578125 0.115625 0.328125
85 0.0578125 0.50625 0.115625 0.0625
85 0.0609375 0.5609375 0.121875 0.0578125
85 0.1765625 0.41875 0.1609375 0.034375
85 0.1890625 0.453125 0.16875 0.3203125
85 0.18125 0.51875 0.15 0.0671875
85 0.18125 0.3765625 0.14375 0.0359375
85 0.1859375 0.3375 0.15 0.0484375
85 0.18125 0.4640625 0.1359375 0.053125
85 0.2015625 0.55625 0.159375 0.05625
85 0.5640625 0.4859375 0.24375 0.31875
85 0.5 0.4984375 0.0625 0.290625
85 0.565625 0.5 0.09375 0.2890625
85 0.6296875 0.475 0.0703125 0.2140625
85 0.7171875 0.4734375 0.0796875 0.2171875
85 0.8046875 0.4625 0.0828125 0.253125
85 0.91875 0.4703125 0.1171875 0.2828125
85 0.9875 0.4671875 0.021875 0.296875
