88 0.496875 0.4984375 0.6 0.8890625
88 0.2125 0.1640625 0.0734375 0.328125
88 0.21875 0.484375 0.0859375 0.325
88 0.23125 0.771875 0.1109375 0.246875
88 0.2328125 0.946875 0.115625 0.103125
88 0.30625 0.1671875 0.153125 0.334375
88 0.3109375 0.478125 0.153125 0.3375
88 0.3265625 0.76875 0.1171875 0.240625
88 0.3484375 0.946875 0.1234375 0.1046875
88 0.428125 0.16875 0.1640625 0.3359375
88 0.4421875 0.48125 0.165625 0.3328125
88 0.44375 0.771875 0.1140625 0.2609375
88 0.5484375 0.7625 0.121875 0.24375
88 0.565625 0.4765625 0.1484375 0.325
88 0.575 0.1640625 0.140625 0.328125
88 0.6484375 0.95 0.10625 0.0984375
88 0.6671875 0.7671875 0.1265625 0.2609375
88 0.6859375 0.478125 0.15625 0.328125
88 0.7 0.165625 0.1296875 0.33125
88 0.7640625 0.9515625 0.1234375 0.0953125
88 0.7703125 0.76875 0.1109375 0.2609375
88 0.7828125 0.471875 0.0859375 0.325
88 0.796875 0.1671875 0.0578125 0.334375
