86 0.2109375 0.75 0.2375 0.1625
86 0.00625 0.4859375 0.0109375 0.0265625
86 0.0109375 0.5390625 0.0203125 0.0203125
86 0.0171875 0.5703125 0.034375 0.0375
86 0.0703125 0.784375 0.1390625 0.09375
86 0.01875 0.4875 0.01875 0.0171875
86 0.0703125 0.59375 0.1125 0.028125
86 0.04375 0.5359375 0.0375 0.0265625
86 0.059375 0.565625 0.059375 0.0625
86 0.053125 0.4859375 0.0375 0.021875
86 0.075 0.5203125 0.04375 0.0234375
86 0.0984375 0.5796875 0.0796875 0.05
86 0.0859375 0.4875 0.0375 0.0203125
86 0.115625 0.4875 0.0125 0.0234375
86 0.18125 0.6765625 0.1375 0.1359375
86 0.1890625 0.6125 0.1296875 0.08125
86 0.2015625 0.5234375 0.05625 0.025
86 0.21875 0.575 0.0625 0.0625
86 0.221875 0.5359375 0.0671875 0.0140625
86 0.271875 0.515625 0.0640625 0.015625
86 0.2921875 0.6109375 0.1015625 0.096875
86 0.2890625 0.53125 0.08125 0.0171875
86 0.290625 0.5546875 0.08125 0.025
86 0.31875 0.6609375 0.1328125 0.13125
86 0.365625 0.5328125 0.0625 0.040625
86 0.39375 0.6203125 0.090625 0.1375
86 0.384375 0.5453125 0.06875 0.0265625
86 0.45 0.74375 0.1875 0.175
86 0.45 0.6296875 0.125 0.0984375
86 0.403125 0.51875 0.0265625 0.0203125
86 0.45625 0.5578125 0.053125 0.0515625
86 0.48125 0.5921875 0.0859375 0.084375
86 0.5265625 0.5453125 0.0546875 0.05
86 0.5703125 0.6390625 0.1140625 0.1375
86 0.5609375 0.58125 0.084375 0.0875
86 0.6109375 0.7296875 0.1625 0.2046875
86 0.6875 0.790625 0.23125 0.08125
86 0.590625 0.5421875 0.034375 0.0421875
86 0.6703125 0.653125 0.0953125 0.18125
86 0.7296875 0.6984375 0.1703125 0.16875
86 0.753125 0.5953125 0.0796875 0.0734375
86 0.8875 0.775 0.153125 0.1125
86 0.9296875 0.61875 0.06875 0.06875
86 0.9734375 0.7546875 0.05 0.153125
