88 0.2140625 0.5 0.428125 0.55625
88 0.440625 0.4328125 0.0515625 0.0359375
88 0.440625 0.3953125 0.0484375 0.0359375
88 0.44375 0.5015625 0.0453125 0.05625
88 0.4453125 0.4671875 0.0484375 0.0375
88 0.45 0.5375 0.0578125 0.0625
88 0.446875 0.45625 0.05 0.2421875
88 0.49375 0.440625 0.0390625 0.2078125
88 0.5046875 0.4359375 0.0234375 0.021875
88 0.5078125 0.4546875 0.03125 0.16875
88 0.503125 0.4171875 0.01875 0.0171875
88 0.5015625 0.396875 0.0125 0.025
88 0.50625 0.4515625 0.0203125 0.0203125
88 0.50625 0.4671875 0.021875 0.025
88 0.5109375 0.4921875 0.0234375 0.0375
88 0.5859375 0.45 0.071875 0.1203125
88 0.6625 0.4828125 0.1078125 0.2015625
88 0.8578125 0.4984375 0.284375 0.559375
88 0.8625 0.6734375 0.2734375 0.2109375
88 0.8765625 0.621875 0.24375 0.2078125
88 0.8796875 0.2796875 0.2375 0.1203125
88 0.88125 0.4 0.2359375 0.146875
88 0.884375 0.53125 0.2296875 0.1328125
88 0.884375 0.3171875 0.228125 0.165625
