88 0.1015625 0.3453125 0.2015625 0.0734375
88 0.1578125 0.7359375 0.3140625 0.146875
88 0.0875 0.5109375 0.16875 0.0796875
88 0.159375 0.228125 0.29375 0.096875
88 0.225 0.5546875 0.1453125 0.084375
88 0.2984375 0.3984375 0.2046875 0.0859375
88 0.3640625 0.63125 0.1546875 0.0546875
88 0.4484375 0.259375 0.296875 0.10625
88 0.453125 0.7359375 0.2890625 0.0578125
88 0.5 0.4296875 0.1953125 0.084375
88 0.6609375 0.48125 0.11875 0.0875
88 0.6671875 0.7625 0.11875 0.084375
88 0.671875 0.6265625 0.128125 0.0765625
88 0.66875 0.3484375 0.1125 0.0828125
88 0.8125 0.4140625 0.178125 0.1046875
88 0.8640625 0.753125 0.26875 0.1015625
88 0.8140625 0.603125 0.1546875 0.06875
88 0.8671875 0.2140625 0.2390625 0.078125
