86 0.265625 0.7265625 0.1625 0.146875
86 0.11875 0.8203125 0.1515625 0.0203125
86 0.175 0.7265625 0.040625 0.1046875
86 0.24375 0.640625 0.1125 0.078125
86 0.3171875 0.8015625 0.215625 0.05625
86 0.35 0.6375 0.1015625 0.071875
86 0.4171875 0.721875 0.125 0.134375
86 0.5484375 0.7875 0.1984375 0.0859375
86 0.61875 0.684375 0.103125 0.1359375
86 0.7171875 0.7484375 0.140625 0.1640625
86 0.809375 0.65 0.0703125 0.096875
86 0.846875 0.740625 0.1359375 0.178125
86 0.9171875 0.7078125 0.1625 0.1296875
86 0.9234375 0.80625 0.1515625 0.046875
