86 0.1984375 0.65625 0.2078125 0.271875
86 0.05625 0.571875 0.1125 0.175
86 0.115625 0.6078125 0.0984375 0.2046875
86 0.1671875 0.465625 0.03125 0.0234375
86 0.1765625 0.484375 0.0328125 0.0140625
86 0.18125 0.4 0.0359375 0.046875
86 0.26875 0.5109375 0.0421875 0.034375
86 0.303125 0.4578125 0.021875 0.0234375
86 0.3265625 0.5484375 0.059375 0.115625
86 0.321875 0.446875 0.0375 0.0265625
86 0.31875 0.46875 0.028125 0.009375
86 0.421875 0.7140625 0.234375 0.2390625
86 0.3375 0.45625 0.0421875 0.025
86 0.353125 0.5796875 0.0578125 0.0859375
86 0.3703125 0.46875 0.046875 0.01875
86 0.3921875 0.4578125 0.040625 0.028125
86 0.4015625 0.4390625 0.0375 0.021875
86 0.421875 0.4734375 0.0375 0.034375
86 0.421875 0.490625 0.0296875 0.021875
86 0.4265625 0.4484375 0.0265625 0.021875
86 0.43125 0.4328125 0.0265625 0.0203125
86 0.471875 0.5484375 0.0671875 0.0765625
86 0.4828125 0.4421875 0.0109375 0.0125
86 0.4859375 0.4828125 0.0203125 0.015625
86 0.484375 0.4640625 0.009375 0.021875
86 0.503125 0.440625 0.0328125 0.0140625
86 0.5125 0.5609375 0.0390625 0.059375
86 0.5125 0.465625 0.0296875 0.0390625
86 0.51875 0.5046875 0.0375 0.0734375
86 0.53125 0.453125 0.0234375 0.021875
86 0.53125 0.440625 0.0171875 0.0140625
86 0.584375 0.6546875 0.0890625 0.1734375
86 0.5734375 0.490625 0.0265625 0.05
86 0.6015625 0.5296875 0.0546875 0.0828125
86 0.646875 0.646875 0.115625 0.196875
86 0.6109375 0.475 0.0375 0.034375
86 0.64375 0.5328125 0.0671875 0.10625
86 0.6484375 0.471875 0.0375 0.04375
86 0.7140625 0.615625 0.1046875 0.1671875
86 0.69375 0.5140625 0.0546875 0.071875
86 0.6828125 0.465625 0.028125 0.0328125
86 0.73125 0.50625 0.0484375 0.065625
86 0.8046875 0.78125 0.1328125 0.1046875
86 0.7671875 0.4984375 0.0375 0.0625
86 0.7890625 0.5546875 0.040625 0.084375
86 0.8171875 0.575 0.0671875 0.15
86 0.8 0.4890625 0.028125 0.059375
86 0.8234375 0.478125 0.03125 0.0515625
86 0.8484375 0.54375 0.0578125 0.103125
86 0.9078125 0.734375 0.1234375 0.1984375
86 0.8828125 0.5375 0.0546875 0.103125
86 0.9359375 0.71875 0.128125 0.228125
86 0.90625 0.521875 0.05 0.09375
86 0.9625 0.740625 0.0734375 0.184375
86 0.984375 0.4453125 0.009375 0.0328125
86 0.9890625 0.4453125 0.0078125 0.04375
86 0.9953125 0.45 0.0078125 0.0375
