85 0.5703125 0.634375 0.496875 0.7078125
85 0.1859375 0.6 0.046875 0.1640625
85 0.1953125 0.546875 0.065625 0.284375
85 0.1875 0.3546875 0.0421875 0.096875
85 0.2234375 0.575 0.0296875 0.128125
85 0.3359375 0.5546875 0.028125 0.1125
85 0.3640625 0.5328125 0.0265625 0.0359375
85 0.365625 0.603125 0.03125 0.11875
85 0.38125 0.3640625 0.040625 0.0984375
85 0.4046875 0.575 0.0671875 0.0875
85 0.403125 0.65 0.0609375 0.13125
85 0.4109375 0.6078125 0.0640625 0.1984375
85 0.428125 0.3453125 0.0578125 0.1265625
85 0.4796875 0.6 0.109375 0.09375
85 0.4796875 0.728125 0.1 0.2046875
85 0.48125 0.646875 0.0984375 0.1140625
85 0.53125 0.2953125 0.1671875 0.1921875
85 0.6015625 0.778125 0.1421875 0.384375
85 0.7390625 0.825 0.1484375 0.346875
