88 0.159375 0.046875 0.1140625 0.0609375
88 0.1640625 0.1046875 0.1234375 0.05
88 0.1703125 0.1625 0.1359375 0.0640625
88 0.184375 0.1328125 0.1640625 0.2640625
88 0.1734375 0.2046875 0.1390625 0.046875
88 0.5203125 0.5171875 0.6640625 0.6265625
88 0.228125 0.046875 0.0390625 0.0625
88 0.234375 0.1046875 0.05 0.0640625
88 0.240625 0.1625 0.04375 0.0578125
88 0.2484375 0.2109375 0.028125 0.0453125
88 0.328125 0.065625 0.1484375 0.065625
88 0.35 0.1234375 0.1859375 0.246875
88 0.3328125 0.1078125 0.1515625 0.034375
88 0.3328125 0.0171875 0.1453125 0.0328125
88 0.340625 0.1578125 0.1484375 0.059375
88 0.340625 0.225 0.1453125 0.065625
88 0.534375 0.1078125 0.1734375 0.2140625
88 0.746875 0.065625 0.3015625 0.13125
