86 0.0296875 0.6515625 0.0578125 0.2265625
86 0.09375 0.684375 0.1875 0.2953125
86 0.2 0.6921875 0.128125 0.2171875
86 0.28125 0.690625 0.08125 0.203125
86 0.3828125 0.6984375 0.1015625 0.20625
86 0.4203125 0.659375 0.071875 0.128125
86 0.4734375 0.6578125 0.0671875 0.1015625
86 0.4921875 0.6796875 0.0859375 0.146875
86 0.553125 0.6671875 0.0671875 0.109375
86 0.5765625 0.6515625 0.040625 0.0859375
86 0.6234375 0.65625 0.05625 0.0875
86 0.7015625 0.71875 0.1640625 0.225
86 0.934375 0.7234375 0.128125 0.2171875
