88 0.1984375 0.4875 0.059375 0.078125
88 0.2015625 0.4203125 0.0640625 0.0671875
88 0.203125 0.5359375 0.06875 0.0625
88 0.2234375 0.60625 0.109375 0.059375
88 0.225 0.3578125 0.1125 0.0578125
88 0.2265625 0.6625 0.1140625 0.09375
88 0.4484375 0.346875 0.1671875 0.06875
88 0.453125 0.409375 0.096875 0.0671875
88 0.4625 0.4609375 0.0921875 0.0578125
88 0.4671875 0.5125 0.0828125 0.0765625
88 0.4984375 0.621875 0.1171875 0.0796875
88 0.5015625 0.6671875 0.109375 0.0859375
88 0.490625 0.5703125 0.0796875 0.065625
88 0.7578125 0.5125 0.140625 0.534375
