86 0.0140625 0.5578125 0.028125 0.0546875
86 0.01875 0.5984375 0.0375 0.065625
86 0.33125 0.5640625 0.6625 0.0890625
86 0.05625 0.6421875 0.09375 0.0765625
86 0.040625 0.578125 0.053125 0.05625
86 0.08125 0.61875 0.071875 0.0953125
86 0.10625 0.5796875 0.0484375 0.05625
86 0.159375 0.61875 0.0796875 0.0921875
86 0.1625 0.584375 0.046875 0.059375
86 0.2234375 0.5953125 0.053125 0.0859375
86 0.2375 0.621875 0.0671875 0.09375
86 0.2640625 0.6484375 0.0875 0.0625
86 0.26875 0.5609375 0.040625 0.03125
86 0.2890625 0.5890625 0.05 0.065625
86 0.3234375 0.625 0.0640625 0.0875
86 0.3640625 0.65 0.078125 0.0625
86 0.3703125 0.5734375 0.05625 0.0640625
86 0.415625 0.5890625 0.0609375 0.0765625
86 0.459375 0.5859375 0.0546875 0.0625
86 0.4828125 0.609375 0.0703125 0.0859375
86 0.5265625 0.6015625 0.0625 0.0765625
86 0.565625 0.6328125 0.0875 0.09375
86 0.5578125 0.5859375 0.05 0.0703125
86 0.6140625 0.6203125 0.071875 0.090625
86 0.6453125 0.6015625 0.05625 0.0828125
86 0.6625 0.5921875 0.0578125 0.0734375
86 0.68125 0.584375 0.0375 0.0625
86 0.690625 0.575 0.028125 0.0578125
86 0.7 0.565625 0.0265625 0.0515625
