88 0.1 0.590625 0.15625 0.3484375
88 0.1140625 0.3234375 0.1734375 0.178125
88 0.425 0.4875 0.5734375 0.1390625
88 0.346875 0.6578125 0.4046875 0.221875
88 0.4140625 0.3234375 0.46875 0.178125
88 0.559375 0.665625 0.2015625 0.1796875
88 0.559375 0.559375 0.146875 0.11875
88 0.675 0.6875 0.2859375 0.15625
88 0.6953125 0.596875 0.1125 0.1578125
88 0.7484375 0.45625 0.08125 0.0828125
88 0.775 0.525 0.1 0.128125
88 0.9 0.559375 0.1265625 0.05625
88 0.9046875 0.4046875 0.121875 0.0484375
88 0.9046875 0.5109375 0.1203125 0.0546875
88 0.90625 0.3765625 0.121875 0.021875
88 0.9015625 0.4890625 0.1109375 0.0390625
88 0.9078125 0.4234375 0.115625 0.03125
88 0.9046875 0.4515625 0.10625 0.046875
