86 0.115625 0.603125 0.0921875 0.15625
86 0.1484375 0.646875 0.1265625 0.1984375
86 0.1734375 0.63125 0.1015625 0.196875
86 0.253125 0.5453125 0.078125 0.05
86 0.31875 0.628125 0.0828125 0.1828125
86 0.4 0.65 0.134375 0.2109375
86 0.4015625 0.571875 0.0765625 0.0796875
86 0.590625 0.5734375 0.065625 0.0703125
86 0.653125 0.575 0.0578125 0.065625
86 0.7078125 0.575 0.053125 0.065625
86 0.8078125 0.590625 0.0390625 0.125
86 0.865625 0.684375 0.08125 0.3046875
86 0.8671875 0.5453125 0.04375 0.071875
86 0.940625 0.7234375 0.1171875 0.3515625
86 0.94375 0.575 0.0890625 0.11875
