86 0.3859375 0.7359375 0.1390625 0.2390625
86 0.08125 0.765625 0.1625 0.2171875
86 0.2375 0.7484375 0.2171875 0.25
86 0.4859375 0.715625 0.1328125 0.246875
86 0.475 0.8546875 0.0390625 0.0375
86 0.55625 0.6875 0.0984375 0.20625
86 0.603125 0.6421875 0.0375 0.146875
86 0.7796875 0.715625 0.1765625 0.096875
86 0.7875 0.628125 0.0875 0.0390625
86 0.825 0.70625 0.15 0.121875
86 0.8046875 0.621875 0.0859375 0.04375
86 0.8015625 0.596875 0.06875 0.0296875
86 0.8796875 0.6 0.0671875 0.025
86 0.9140625 0.6296875 0.084375 0.0421875
86 0.9296875 0.6359375 0.0890625 0.0453125
86 0.9234375 0.725 0.0578125 0.0890625
