86 0.1703125 0.7640625 0.1921875 0.134375
86 0.0171875 0.803125 0.034375 0.0578125
86 0.0953125 0.7015625 0.190625 0.24375
86 0.265625 0.678125 0.209375 0.25
86 0.3046875 0.4921875 0.0875 0.146875
86 0.3296875 0.478125 0.1234375 0.1390625
86 0.4359375 0.746875 0.2765625 0.171875
86 0.4375 0.71875 0.2609375 0.228125
86 0.39375 0.6234375 0.1296875 0.1953125
86 0.446875 0.59375 0.08125 0.15
86 0.528125 0.696875 0.203125 0.240625
86 0.5390625 0.525 0.0484375 0.075
86 0.6421875 0.6484375 0.121875 0.1875
86 0.9796875 0.7421875 0.0390625 0.1796875
