86 0.45 0.89375 0.0671875 0.109375
86 0.1328125 0.85 0.0140625 0.040625
86 0.1453125 0.8234375 0.040625 0.0765625
86 0.15 0.9609375 0.05 0.078125
86 0.1890625 0.9515625 0.11875 0.096875
86 0.1890625 0.8265625 0.0671875 0.0578125
86 0.2703125 0.940625 0.0765625 0.1171875
86 0.2890625 0.98125 0.09375 0.034375
86 0.28125 0.8453125 0.0484375 0.03125
86 0.321875 0.9328125 0.0875 0.1296875
86 0.30625 0.825 0.0359375 0.053125
86 0.3765625 0.928125 0.0875 0.140625
86 0.365625 0.8703125 0.053125 0.0765625
86 0.38125 0.8640625 0.0625 0.071875
86 0.51875 0.8875 0.05625 0.1125
86 0.5578125 0.9734375 0.10625 0.0515625
86 0.5796875 0.878125 0.0640625 0.0984375
86 0.609375 0.934375 0.090625 0.13125
86 0.6671875 0.940625 0.0984375 0.1171875
86 0.6734375 0.8578125 0.05 0.0421875
86 0.7453125 0.946875 0.115625 0.103125
86 0.8125 0.8546875 0.0484375 0.0390625
86 0.846875 0.9609375 0.053125 0.078125
86 0.865625 0.86875 0.015625 0.034375
