84 0.8921875 0.7484375 0.1828125 0.2203125
84 0.4859375 0.7609375 0.515625 0.225
84 0.253125 0.521875 0.0125 0.075
84 0.2625 0.353125 0.0125 0.096875
84 0.3921875 0.546875 0.0125 0.096875
84 0.396875 0.3734375 0.009375 0.096875
84 0.465625 0.55625 0.0640625 0.096875
84 0.465625 0.39375 0.0578125 0.0875
84 0.5125 0.5578125 0.0046875 0.0984375
84 0.56875 0.4109375 0.071875 0.0765625
84 0.5703125 0.565625 0.0734375 0.09375
84 0.659375 0.428125 0.078125 0.0828125
84 0.6640625 0.571875 0.0765625 0.0875
84 0.74375 0.4421875 0.065625 0.078125
84 0.7515625 0.578125 0.0703125 0.0796875
84 0.821875 0.453125 0.059375 0.06875
84 0.83125 0.584375 0.0625 0.0734375
