86 0.1671875 0.5703125 0.08125 0.00625
86 0.2625 0.584375 0.09375 0.040625
86 0.3265625 0.5671875 0.06875 0.078125
86 0.39375 0.7640625 0.1359375 0.1375
86 0.378125 0.584375 0.0890625 0.05
86 0.390625 0.5515625 0.0578125 0.0328125
86 0.4265625 0.65625 0.10625 0.084375
86 0.471875 0.5921875 0.0875 0.05625
86 0.63125 0.5125 0.046875 0.0359375
86 0.625 0.5328125 0.03125 0.053125
86 0.659375 0.5453125 0.046875 0.03125
86 0.66875 0.4984375 0.028125 0.01875
86 0.66875 0.5203125 0.028125 0.028125
86 0.7375 0.6484375 0.059375 0.0625
86 0.746875 0.5203125 0.059375 0.0203125
86 0.74375 0.5375 0.0453125 0.0265625
86 0.75 0.5703125 0.0265625 0.03125
86 0.7921875 0.5390625 0.059375 0.0328125
86 0.821875 0.6359375 0.10625 0.053125
86 0.8015625 0.5140625 0.0453125 0.0171875
86 0.803125 0.496875 0.0390625 0.009375
86 0.8984375 0.7640625 0.19375 0.1390625
86 0.9265625 0.5109375 0.028125 0.0203125
86 0.953125 0.5296875 0.0640625 0.028125
86 0.9734375 0.5640625 0.0515625 0.034375
86 0.9890625 0.534375 0.0203125 0.034375
