86 0.0390625 0.71875 0.078125 0.1875
86 0.0765625 0.803125 0.1515625 0.059375
86 0.084375 0.5890625 0.10625 0.175
86 0.18125 0.74375 0.2265625 0.1796875
86 0.2703125 0.6484375 0.1375 0.203125
86 0.340625 0.621875 0.121875 0.196875
86 0.3875 0.68125 0.1390625 0.215625
86 0.3921875 0.5375 0.1078125 0.06875
86 0.4234375 0.53125 0.0984375 0.0796875
86 0.45625 0.6453125 0.121875 0.196875
86 0.503125 0.5953125 0.125 0.1296875
86 0.534375 0.5625 0.090625 0.128125
86 0.7546875 0.5078125 0.05 0.10625
86 0.7640625 0.484375 0.040625 0.0828125
86 0.803125 0.4578125 0.0484375 0.0328125
86 0.8109375 0.5046875 0.0484375 0.10625
86 0.8421875 0.6359375 0.1109375 0.1453125
86 0.89375 0.7828125 0.209375 0.0984375
86 0.8671875 0.7078125 0.153125 0.1734375
86 0.840625 0.5953125 0.084375 0.1203125
86 0.84375 0.5734375 0.075 0.1265625
86 0.8421875 0.5375 0.0703125 0.090625
