85 0.1125 0.7171875 0.1296875 0.2984375
85 0.0703125 0.3484375 0.0421875 0.28125
85 0.140625 0.3515625 0.109375 0.2390625
85 0.2375 0.3703125 0.0890625 0.190625
85 0.28125 0.653125 0.109375 0.1875
85 0.3515625 0.36875 0.146875 0.184375
85 0.378125 0.64375 0.1015625 0.1828125
85 0.496875 0.65 0.096875 0.178125
85 0.6171875 0.6484375 0.1359375 0.190625
85 0.7515625 0.6484375 0.140625 0.1828125
85 0.7953125 0.3703125 0.1390625 0.2015625
85 0.8390625 0.65625 0.03125 0.196875
85 0.8765625 0.69375 0.0703125 0.2359375
85 0.8828125 0.3703125 0.05 0.221875
85 0.940625 0.3421875 0.0984375 0.2453125
