86 0.190625 0.7203125 0.146875 0.2203125
86 0.028125 0.640625 0.05625 0.065625
86 0.096875 0.6609375 0.09375 0.184375
86 0.075 0.5171875 0.0328125 0.0265625
86 0.096875 0.6046875 0.0703125 0.125
86 0.128125 0.6328125 0.0375 0.16875
86 0.1265625 0.5140625 0.028125 0.04375
86 0.3828125 0.7234375 0.109375 0.2140625
86 0.359375 0.5484375 0.034375 0.0421875
86 0.3609375 0.5046875 0.0203125 0.0328125
86 0.3890625 0.5484375 0.0421875 0.0375
86 0.3796875 0.4953125 0.0125 0.01875
86 0.4078125 0.553125 0.0421875 0.025
86 0.5140625 0.659375 0.0234375 0.0265625
86 0.6015625 0.6375 0.0640625 0.0703125
86 0.6828125 0.6265625 0.096875 0.15625
86 0.671875 0.528125 0.0421875 0.0359375
86 0.86875 0.6328125 0.1171875 0.1546875
86 0.91875 0.609375 0.065625 0.1375
86 0.9609375 0.7109375 0.0765625 0.2203125
86 0.975 0.571875 0.05 0.0890625
