86 0.3703125 0.8 0.1828125 0.1203125
86 0.0453125 0.584375 0.040625 0.1046875
86 0.0875 0.371875 0.0625 0.0265625
86 0.2265625 0.603125 0.1609375 0.221875
86 0.521875 0.4078125 0.38125 0.2765625
86 0.3515625 0.409375 0.0390625 0.05
86 0.390625 0.2421875 0.08125 0.0828125
86 0.4 0.7015625 0.1 0.2328125
86 0.628125 0.575 0.13125 0.1125
86 0.6765625 0.3171875 0.090625 0.1296875
86 0.6890625 0.503125 0.053125 0.1609375
86 0.7765625 0.3125 0.178125 0.16875
86 0.8640625 0.34375 0.178125 0.184375
86 0.9359375 0.659375 0.1078125 0.2140625
86 0.95 0.8625 0.05625 0.0203125
