82 0.6625 0.70625 0.1421875 0.19375
82 0.159375 0.609375 0.0796875 0.10625
82 0.209375 0.6359375 0.0984375 0.109375
82 0.4640625 0.8109375 0.2015625 0.1140625
82 0.6078125 0.5359375 0.040625 0.0515625
82 0.653125 0.525 0.0296875 0.028125
82 0.725 0.5796875 0.0640625 0.0890625
82 0.7125 0.525 0.028125 0.03125
82 0.8578125 0.8109375 0.2421875 0.13125
82 0.7859375 0.5796875 0.05 0.04375
82 0.7875 0.5296875 0.03125 0.034375
82 0.80625 0.55 0.028125 0.0359375
82 0.821875 0.528125 0.0265625 0.04375
82 0.9453125 0.609375 0.065625 0.078125
