86 0.8625 0.8171875 0.184375 0.1609375
86 0.0671875 0.86875 0.134375 0.1046875
86 0.10625 0.8953125 0.1765625 0.05
86 0.1484375 0.7875 0.103125 0.1078125
86 0.196875 0.7828125 0.1078125 0.0921875
86 0.2546875 0.8703125 0.153125 0.103125
86 0.2484375 0.7421875 0.0953125 0.0828125
86 0.2828125 0.8 0.1140625 0.103125
86 0.3140625 0.753125 0.090625 0.103125
86 0.35 0.8875 0.1515625 0.06875
86 0.371875 0.771875 0.1078125 0.1203125
86 0.4875 0.8765625 0.14375 0.0875
86 0.534375 0.815625 0.109375 0.103125
86 0.565625 0.7875 0.1015625 0.125
86 0.640625 0.9015625 0.15625 0.0390625
86 0.64375 0.7984375 0.10625 0.1296875
86 0.7421875 0.8109375 0.1125 0.1375
86 0.778125 0.9 0.1421875 0.0421875
86 0.946875 0.8078125 0.1046875 0.125
