86 0.475 0.6453125 0.0921875 0.0890625
86 0.0265625 0.5984375 0.0421875 0.0734375
86 0.11875 0.7140625 0.046875 0.0375
86 0.1890625 0.6921875 0.0796875 0.09375
86 0.1828125 0.578125 0.0421875 0.021875
86 0.2984375 0.5546875 0.0171875 0.0140625
86 0.334375 0.66875 0.0890625 0.0890625
86 0.4203125 0.603125 0.0515625 0.0609375
86 0.490625 0.5640625 0.0203125 0.0234375
86 0.5359375 0.55625 0.01875 0.04375
86 0.5515625 0.5671875 0.0296875 0.0328125
86 0.6 0.6828125 0.10625 0.1265625
86 0.6 0.5359375 0.021875 0.015625
86 0.6359375 0.5484375 0.0203125 0.021875
86 0.6609375 0.6796875 0.040625 0.0703125
86 0.6703125 0.5828125 0.034375 0.05
86 0.7359375 0.590625 0.0265625 0.0328125
86 0.784375 0.6015625 0.040625 0.0234375
86 0.8921875 0.734375 0.1328125 0.178125
86 0.9109375 0.6015625 0.0328125 0.0265625
86 0.959375 0.5765625 0.0171875 0.021875
86 0.9671875 0.6546875 0.0265625 0.08125
