88 0.0875 0.4859375 0.153125 0.5734375
88 0.034375 0.809375 0.06875 0.1265625
88 0.0875 0.1625 0.175 0.075
88 0.2765625 0.39375 0.215625 0.134375
88 0.28125 0.2578125 0.209375 0.1515625
88 0.2828125 0.165625 0.1921875 0.0796875
88 0.475 0.2578125 0.2203125 0.1671875
88 0.4734375 0.165625 0.2046875 0.0796875
88 0.4796875 0.403125 0.1984375 0.1609375
88 0.4921875 0.5125 0.1734375 0.0921875
88 0.71875 0.1625 0.290625 0.075
88 0.7109375 0.503125 0.2734375 0.0703125
88 0.71875 0.409375 0.2828125 0.16875
88 0.7265625 0.259375 0.2765625 0.1578125
