88 0.1484375 0.25625 0.053125 0.1
88 0.1703125 0.359375 0.0703125 0.103125
88 0.2265625 0.609375 0.1484375 0.0734375
88 0.2421875 0.796875 0.1375 0.1
88 0.2390625 0.7015625 0.1125 0.09375
88 0.2828125 0.378125 0.146875 0.059375
88 0.2703125 0.2921875 0.109375 0.1296875
88 0.2828125 0.46875 0.134375 0.1171875
88 0.365625 0.75 0.15625 0.078125
88 0.40625 0.3140625 0.234375 0.0625
88 0.3640625 0.5796875 0.1390625 0.078125
88 0.3671875 0.65 0.1203125 0.0671875
88 0.384375 0.4859375 0.134375 0.065625
88 0.4359375 0.4078125 0.2125 0.0921875
88 0.4984375 0.6453125 0.1140625 0.0859375
88 0.5078125 0.4796875 0.1171875 0.065625
88 0.509375 0.740625 0.1140625 0.0953125
88 0.565625 0.35625 0.1171875 0.325
88 0.6171875 0.615625 0.1109375 0.090625
88 0.621875 0.7859375 0.1078125 0.1015625
88 0.6296875 0.7015625 0.11875 0.0953125
88 0.69375 0.2765625 0.06875 0.0578125
88 0.696875 0.446875 0.0625 0.10625
88 0.696875 0.35 0.0578125 0.090625
