86 0.321875 0.3453125 0.1015625 0.1984375
86 0.31875 0.175 0.0921875 0.075
86 0.328125 0.2875 0.0796875 0.121875
86 0.31875 0.1953125 0.05625 0.0234375
86 0.39375 0.2046875 0.06875 0.0953125
86 0.440625 0.2328125 0.071875 0.090625
86 0.4390625 0.1578125 0.028125 0.015625
86 0.4921875 0.203125 0.053125 0.084375
86 0.534375 0.196875 0.0609375 0.0921875
86 0.565625 0.2484375 0.075 0.0515625
86 0.5671875 0.21875 0.0640625 0.1109375
86 0.66875 0.4 0.165625 0.2359375
86 0.621875 0.4671875 0.06875 0.08125
86 0.64375 0.1703125 0.040625 0.015625
86 0.684375 0.2484375 0.0796875 0.1171875
86 0.76875 0.21875 0.053125 0.109375
86 0.803125 0.275 0.0609375 0.15
86 0.8203125 0.2296875 0.0265625 0.0875
