85 0.21875 0.659375 0.0984375 0.11875
85 0.2265625 0.5171875 0.0875 0.1953125
85 0.2828125 0.7921875 0.2 0.2765625
85 0.221875 0.1515625 0.0734375 0.2421875
85 0.2484375 0.190625 0.0578125 0.171875
85 0.3 0.465625 0.1390625 0.2328125
85 0.3 0.1640625 0.034375 0.234375
85 0.4265625 0.890625 0.2609375 0.2109375
85 0.3234375 0.159375 0.0265625 0.240625
85 0.3953125 0.4375 0.0296875 0.2421875
85 0.4046875 0.7515625 0.034375 0.1140625
85 0.4421875 0.7046875 0.1015625 0.1953125
85 0.4515625 0.1921875 0.0984375 0.1921875
85 0.4375 0.4703125 0.04375 0.1625
85 0.4765625 0.4265625 0.109375 0.221875
85 0.471875 0.4671875 0.025 0.153125
85 0.5171875 0.7125 0.0859375 0.1671875
85 0.4921875 0.746875 0.03125 0.1171875
85 0.5578125 0.0125 0.0671875 0.0203125
85 0.5859375 0.225 0.1046875 0.14375
85 0.553125 0.4296875 0.034375 0.2109375
85 0.6015625 0.6765625 0.1171875 0.2109375
85 0.5859375 0.45 0.025 0.140625
85 0.6203125 0.4234375 0.04375 0.2078125
85 0.6359375 0.025 0.0609375 0.0484375
85 0.65625 0.23125 0.0125 0.134375
85 0.703125 0.440625 0.0953125 0.146875
85 0.6890625 0.634375 0.065625 0.159375
85 0.6984375 0.3515625 0.0828125 0.0359375
85 0.7015625 0.0390625 0.090625 0.075
85 0.71875 0.5625 0.121875 0.1
85 0.6828125 0.2234375 0.03125 0.1484375
85 0.709375 0.21875 0.034375 0.1671875
85 0.778125 0.725 0.1046875 0.1359375
85 0.7671875 0.1703125 0.078125 0.0515625
85 0.7546875 0.2484375 0.0328125 0.1078125
85 0.7765625 0.0453125 0.05625 0.0890625
85 0.775 0.4375 0.0453125 0.125
85 0.796875 0.6328125 0.059375 0.0578125
85 0.796875 0.25 0.034375 0.10625
85 0.8078125 0.05625 0.04375 0.109375
85 0.815625 0.4359375 0.0265625 0.1
