82 0.775 0.6078125 0.203125 0.2625
82 0.109375 0.6828125 0.2171875 0.2421875
82 0.3421875 0.7890625 0.3625 0.1671875
82 0.2984375 0.465625 0.115625 0.078125
82 0.4375 0.715625 0.2359375 0.2921875
82 0.4578125 0.4796875 0.125 0.1078125
82 0.475 0.5875 0.13125 0.2078125
82 0.478125 0.415625 0.075 0.0328125
82 0.496875 0.3875 0.04375 0.0578125
82 0.51875 0.3921875 0.03125 0.0671875
82 0.565625 0.35625 0.03125 0.04375
82 0.6046875 0.4203125 0.071875 0.0859375
82 0.703125 0.4265625 0.0546875 0.065625
82 0.74375 0.3734375 0.0484375 0.01875
82 0.9515625 0.6875 0.09375 0.228125
