88 0.3828125 0.5875 0.1015625 0.0484375
88 0.3875 0.634375 0.1109375 0.05
88 0.39375 0.68125 0.1046875 0.046875
88 0.4015625 0.753125 0.1140625 0.05625
88 0.3984375 0.7171875 0.096875 0.0375
88 0.5046875 0.584375 0.1171875 0.03125
88 0.5125 0.6921875 0.11875 0.0390625
88 0.5125 0.6203125 0.1171875 0.0390625
88 0.5125 0.6546875 0.1171875 0.0359375
88 0.5078125 0.7265625 0.10625 0.04375
88 0.5109375 0.7609375 0.1 0.0359375
88 0.6515625 0.49375 0.3265625 0.125
88 0.775 0.43125 0.440625 0.2125
88 0.625 0.7359375 0.115625 0.034375
88 0.625 0.7703125 0.1140625 0.0375
88 0.6296875 0.65625 0.1234375 0.04375
88 0.6296875 0.6171875 0.1203125 0.0453125
88 0.628125 0.696875 0.115625 0.03125
88 0.6296875 0.584375 0.1171875 0.04375
88 0.7625 0.6796875 0.1328125 0.2640625
