86 0.08125 0.8203125 0.1609375 0.1078125
86 0.0578125 0.7046875 0.103125 0.240625
86 0.0875 0.725 0.1375 0.246875
86 0.09375 0.8203125 0.125 0.1078125
86 0.2328125 0.7609375 0.1921875 0.2265625
86 0.3015625 0.646875 0.1140625 0.1609375
86 0.3453125 0.775 0.2015625 0.1984375
86 0.359375 0.6890625 0.13125 0.221875
86 0.40625 0.6390625 0.0984375 0.20625
86 0.45625 0.65 0.1203125 0.1984375
86 0.528125 0.73125 0.1453125 0.2859375
86 0.6421875 0.6921875 0.1484375 0.2828125
86 0.740625 0.7140625 0.1625 0.2984375
