89 0.1125 0.365625 0.2234375 0.215625
89 0.115625 0.2546875 0.2296875 0.13125
89 0.121875 0.703125 0.2421875 0.1890625
89 0.1234375 0.534375 0.2453125 0.221875
89 0.3421875 0.3015625 0.25625 0.20625
89 0.3390625 0.70625 0.234375 0.1515625
89 0.3453125 0.5625 0.246875 0.1671875
89 0.34375 0.234375 0.240625 0.0890625
89 0.3484375 0.4390625 0.2359375 0.1734375
89 0.534375 0.7140625 0.1796875 0.146875
89 0.515625 0.2703125 0.140625 0.115625
89 0.534375 0.59375 0.1609375 0.1390625
89 0.5375 0.3875 0.1515625 0.1640625
89 0.540625 0.4890625 0.1453125 0.1421875
89 0.646875 0.6125 0.1140625 0.103125
89 0.6578125 0.7078125 0.1265625 0.09375
89 0.653125 0.45 0.1109375 0.1125
89 0.65625 0.53125 0.10625 0.1171875
89 0.6625 0.3703125 0.109375 0.1390625
89 0.7390625 0.48125 0.1 0.1
89 0.74375 0.4125 0.10625 0.0734375
89 0.7375 0.628125 0.08125 0.0953125
89 0.7390625 0.7140625 0.0734375 0.09375
89 0.7515625 0.5640625 0.096875 0.0796875
89 0.8828125 0.603125 0.2328125 0.3265625
