89 0.05 0.5296875 0.0984375 0.0890625
89 0.1 0.578125 0.13125 0.084375
89 0.115625 0.4765625 0.140625 0.0765625
89 0.128125 0.678125 0.1421875 0.178125
89 0.159375 0.5671875 0.13125 0.0796875
89 0.2265625 0.6546875 0.190625 0.1296875
89 0.246875 0.55 0.153125 0.115625
89 0.2765625 0.46875 0.1921875 0.1
89 0.3390625 0.725 0.228125 0.1453125
89 0.321875 0.540625 0.1125 0.134375
89 0.459375 0.434375 0.20625 0.021875
89 0.421875 0.5140625 0.0984375 0.090625
89 0.4296875 0.4828125 0.0859375 0.0421875
89 0.4796875 0.521875 0.125 0.05625
89 0.5015625 0.4703125 0.0828125 0.0484375
89 0.5234375 0.625 0.1046875 0.153125
89 0.553125 0.4625 0.071875 0.0484375
89 0.571875 0.525 0.0859375 0.09375
89 0.621875 0.675 0.16875 0.203125
89 0.6328125 0.4625 0.0875 0.053125
89 0.66875 0.5453125 0.115625 0.13125
89 0.7 0.4671875 0.084375 0.0453125
89 0.771875 0.5546875 0.1046875 0.1515625
89 0.7890625 0.4703125 0.096875 0.0515625
89 0.903125 0.5703125 0.15625 0.140625
89 0.88125 0.484375 0.10625 0.0453125
89 0.9421875 0.721875 0.1125 0.075
89 0.9625 0.53125 0.0734375 0.121875
