88 0.084375 0.3640625 0.16875 0.1265625
88 0.1 0.646875 0.2 0.1875
88 0.10625 0.7140625 0.2078125 0.13125
88 0.1203125 0.50625 0.1515625 0.1390625
88 0.240625 0.3890625 0.153125 0.071875
88 0.2375 0.425 0.1390625 0.05625
88 0.1921875 0.7625 0.0359375 0.0375
88 0.2453125 0.471875 0.1296875 0.05
88 0.246875 0.5484375 0.125 0.0625
88 0.2484375 0.5078125 0.10625 0.053125
88 0.246875 0.6046875 0.09375 0.0640625
88 0.3375 0.6140625 0.0875 0.0546875
88 0.33125 0.6640625 0.0734375 0.059375
88 0.3546875 0.465625 0.090625 0.0890625
88 0.678125 0.7046875 0.6421875 0.1515625
88 0.490625 0.4484375 0.1578125 0.1734375
88 0.6921875 0.39375 0.0703125 0.04375
88 0.690625 0.4375 0.0546875 0.0390625
88 0.803125 0.434375 0.1046875 0.0328125
88 0.81875 0.503125 0.06875 0.04375
88 0.821875 0.4703125 0.065625 0.0375
88 0.934375 0.3734375 0.1296875 0.071875
88 0.934375 0.471875 0.1296875 0.0484375
88 0.91875 0.421875 0.084375 0.0546875
88 0.9828125 0.4109375 0.03125 0.0609375
