86 0.4796875 0.7140625 0.1796875 0.2609375
86 0.0640625 0.66875 0.128125 0.140625
86 0.1984375 0.8328125 0.3203125 0.0828125
86 0.1484375 0.6390625 0.0546875 0.090625
86 0.2734375 0.634375 0.13125 0.1609375
86 0.2765625 0.64375 0.0796875 0.134375
86 0.471875 0.63125 0.0578125 0.046875
86 0.553125 0.640625 0.13125 0.140625
86 0.709375 0.734375 0.2125 0.246875
86 0.784375 0.7625 0.278125 0.225
86 0.690625 0.590625 0.0671875 0.084375
86 0.95 0.74375 0.096875 0.2609375
86 0.95 0.5859375 0.0734375 0.0890625
86 0.9484375 0.60625 0.0640625 0.0375
