86 0.1078125 0.76875 0.14375 0.1875
86 0.1359375 0.6515625 0.046875 0.0859375
86 0.15 0.6765625 0.0546875 0.1140625
86 0.2390625 0.684375 0.0328125 0.1125
86 0.278125 0.6265625 0.0359375 0.0171875
86 0.35 0.784375 0.171875 0.178125
86 0.3921875 0.7828125 0.2171875 0.1828125
86 0.4296875 0.684375 0.103125 0.134375
86 0.403125 0.65625 0.040625 0.0671875
86 0.63125 0.6671875 0.0875 0.121875
86 0.64375 0.6828125 0.0921875 0.134375
86 0.71875 0.665625 0.0828125 0.1328125
86 0.86875 0.834375 0.225 0.078125
86 0.8984375 0.7453125 0.1453125 0.1796875
86 0.903125 0.678125 0.0546875 0.1703125
