86 0.3828125 0.6578125 0.084375 0.146875
86 0.0484375 0.578125 0.0828125 0.1
86 0.0328125 0.5203125 0.05 0.0140625
86 0.115625 0.5796875 0.0625 0.09375
86 0.1953125 0.575 0.065625 0.0859375
86 0.259375 0.575 0.0625 0.0859375
86 0.2625 0.5328125 0.0265625 0.025
86 0.3125 0.6390625 0.1171875 0.125
86 0.3234375 0.5484375 0.05 0.0484375
86 0.3734375 0.5578125 0.05625 0.00625
86 0.3828125 0.5390625 0.034375 0.04375
86 0.4390625 0.540625 0.053125 0.0375
86 0.44375 0.5453125 0.021875 0.0328125
86 0.5203125 0.6578125 0.090625 0.1390625
86 0.5203125 0.5421875 0.028125 0.040625
86 0.5296875 0.54375 0.03125 0.03125
86 0.553125 0.5453125 0.0296875 0.0421875
86 0.609375 0.6546875 0.10625 0.1328125
86 0.6015625 0.5578125 0.040625 0.046875
86 0.6015625 0.5296875 0.0265625 0.0078125
86 0.634375 0.6359375 0.05625 0.1390625
86 0.66875 0.578125 0.059375 0.0765625
86 0.740625 0.5828125 0.0578125 0.0796875
86 0.79375 0.5796875 0.05 0.075
86 0.8234375 0.5796875 0.0375 0.0765625
