86 0.325 0.75625 0.2421875 0.2359375
86 0.29375 0.5046875 0.025 0.075
86 0.4484375 0.715625 0.2109375 0.315625
86 0.35625 0.4890625 0.021875 0.0578125
86 0.390625 0.5765625 0.08125 0.0875
86 0.45 0.55625 0.0734375 0.0984375
86 0.69375 0.75625 0.303125 0.234375
86 0.66875 0.7171875 0.21875 0.3046875
86 0.578125 0.515625 0.01875 0.0359375
86 0.584375 0.49375 0.0140625 0.015625
86 0.63125 0.4984375 0.05 0.0296875
86 0.7171875 0.625 0.153125 0.20625
86 0.75625 0.496875 0.04375 0.06875
86 0.8109375 0.471875 0.034375 0.0328125
86 0.85625 0.4734375 0.01875 0.0265625
86 0.928125 0.5609375 0.1 0.165625
86 0.95625 0.5765625 0.0859375 0.175
