86 0.0765625 0.6265625 0.053125 0.15625
86 0.0828125 0.5484375 0.03125 0.0265625
86 0.240625 0.640625 0.1 0.2109375
86 0.253125 0.5109375 0.0359375 0.034375
86 0.2859375 0.5671875 0.059375 0.1171875
86 0.3734375 0.6859375 0.1671875 0.2578125
86 0.3453125 0.5546875 0.0578125 0.109375
86 0.3859375 0.58125 0.0890625 0.1625
86 0.4765625 0.5515625 0.059375 0.090625
86 0.4984375 0.5984375 0.09375 0.1671875
86 0.503125 0.6453125 0.103125 0.209375
86 0.575 0.7421875 0.1875 0.3046875
86 0.6765625 0.6953125 0.153125 0.234375
86 0.6703125 0.625 0.1203125 0.19375
86 0.771875 0.6015625 0.1125 0.190625
86 0.928125 0.6484375 0.1421875 0.1875
