88 0.3109375 0.034375 0.3703125 0.0671875
88 0.3109375 0.1484375 0.3703125 0.1625
88 0.3125 0.3671875 0.375 0.1296875
88 0.3140625 0.26875 0.3765625 0.11875
88 0.3203125 0.49375 0.3890625 0.121875
88 0.3203125 0.61875 0.3890625 0.1484375
88 0.3203125 0.778125 0.3890625 0.153125
88 0.321875 0.925 0.3921875 0.146875
88 0.68125 0.071875 0.384375 0.1296875
88 0.6890625 0.3 0.3703125 0.14375
88 0.6890625 0.4359375 0.3703125 0.1390625
88 0.690625 0.1859375 0.36875 0.0984375
88 0.6921875 0.8359375 0.3625 0.128125
88 0.69375 0.58125 0.3609375 0.15625
88 0.6953125 0.7203125 0.3578125 0.1171875
88 0.6984375 0.9390625 0.35 0.1171875
