86 0.365625 0.346875 0.73125 0.06875
86 0.5 0.64375 0.9984375 0.15625
86 0.1 0.81875 0.06875 0.10625
86 0.103125 0.6140625 0.025 0.0359375
86 0.153125 0.828125 0.084375 0.0890625
86 0.1453125 0.6953125 0.03125 0.0390625
86 0.146875 0.7390625 0.0265625 0.053125
86 0.1890625 0.7125 0.0375 0.0421875
86 0.2203125 0.8390625 0.0921875 0.06875
86 0.1953125 0.7484375 0.0359375 0.0421875
86 0.234375 0.6890625 0.05 0.0375
86 0.2390625 0.7203125 0.0515625 0.0546875
86 0.38125 0.15 0.3203125 0.0484375
86 0.29375 0.73125 0.0546875 0.0578125
86 0.315625 0.85 0.0875 0.046875
86 0.2921875 0.690625 0.0265625 0.028125
86 0.3140625 0.778125 0.05625 0.065625
86 0.3328125 0.696875 0.0328125 0.0296875
86 0.34375 0.7390625 0.0453125 0.0640625
86 0.38125 0.653125 0.0421875 0.01875
86 0.4109375 0.865625 0.0734375 0.0171875
86 0.421875 0.65625 0.04375 0.01875
86 0.4265625 0.709375 0.05 0.0296875
86 0.425 0.7546875 0.03125 0.059375
86 0.434375 0.6453125 0.0375 0.01875
86 0.453125 0.825 0.0734375 0.0984375
86 0.4734375 0.7625 0.065625 0.0625
86 0.4703125 0.65625 0.03125 0.021875
86 0.5359375 0.8328125 0.11875 0.08125
86 0.51875 0.6125 0.03125 0.0203125
86 0.546875 0.7703125 0.08125 0.0671875
86 0.5484375 0.6546875 0.06875 0.0296875
86 0.553125 0.6921875 0.053125 0.03125
86 0.55625 0.6703125 0.0546875 0.01875
86 0.5578125 0.7234375 0.046875 0.046875
86 0.6265625 0.7875 0.090625 0.06875
86 0.6125 0.70625 0.0578125 0.04375
86 0.6203125 0.740625 0.071875 0.04375
86 0.6203125 0.6625 0.0421875 0.025
86 0.6515625 0.84375 0.096875 0.0609375
86 0.665625 0.68125 0.0453125 0.01875
86 0.6640625 0.6640625 0.028125 0.0234375
86 0.678125 0.715625 0.053125 0.05
86 0.7 0.746875 0.071875 0.0375
86 0.721875 0.8078125 0.090625 0.0828125
86 0.71875 0.6875 0.053125 0.0328125
86 0.734375 0.6515625 0.0421875 0.0171875
86 0.7453125 0.7171875 0.059375 0.03125
86 0.7703125 0.85625 0.1015625 0.0359375
86 0.75 0.671875 0.0453125 0.03125
86 0.7609375 0.63125 0.0359375 0.0171875
86 0.784375 0.7546875 0.075 0.05
86 0.7765625 0.65 0.0421875 0.0109375
86 0.790625 0.703125 0.059375 0.025
86 0.80625 0.6734375 0.0546875 0.0265625
86 0.803125 0.6375 0.0375 0.015625
86 0.825 0.734375 0.059375 0.0546875
86 0.821875 0.653125 0.0390625 0.0171875
86 0.8546875 0.828125 0.0421875 0.0890625
86 0.88125 0.809375 0.0921875 0.1265625
86 0.8609375 0.709375 0.0484375 0.046875
86 0.86875 0.6484375 0.0328125 0.03125
86 0.9203125 0.7375 0.0515625 0.0578125
86 0.9515625 0.690625 0.0453125 0.0421875
86 0.9546875 0.7421875 0.0296875 0.1125
