80 0.14375 0.7875 0.2859375 0.090625
80 0.246875 0.68125 0.49375 0.2921875
80 0.4359375 0.640625 0.328125 0.1640625
80 0.5375 0.5890625 0.253125 0.0984375
80 0.5890625 0.55625 0.2453125 0.1
80 0.6671875 0.540625 0.1625 0.071875
80 0.709375 0.5203125 0.128125 0.05
80 0.7421875 0.5125 0.1125 0.05625
80 0.871875 0.7796875 0.25625 0.1078125
80 0.903125 0.684375 0.1921875 0.05625
80 0.915625 0.6359375 0.165625 0.0546875
80 0.928125 0.5921875 0.140625 0.0453125
80 0.9359375 0.5609375 0.128125 0.0328125
80 0.940625 0.540625 0.1171875 0.028125
80 0.9453125 0.5265625 0.1078125 0.0203125
80 0.9484375 0.5140625 0.1015625 0.01875
80 0.9515625 0.496875 0.0953125 0.01875
