88 0.3359375 0.5375 0.0375 0.053125
88 0.421875 0.4640625 0.0765625 0.034375
88 0.4234375 0.4 0.078125 0.034375
88 0.425 0.4328125 0.08125 0.0265625
88 0.4171875 0.5109375 0.0640625 0.01875
88 0.40625 0.4890625 0.0390625 0.025
88 0.41875 0.540625 0.0625 0.040625
88 0.4328125 0.59375 0.06875 0.0703125
88 0.4453125 0.4859375 0.034375 0.025
88 0.4703125 0.5390625 0.0296875 0.121875
88 0.60625 0.490625 0.25625 0.059375
88 0.6078125 0.6046875 0.2578125 0.071875
88 0.6078125 0.5390625 0.253125 0.0765625
88 0.534375 0.675 0.09375 0.075
88 0.6125 0.6734375 0.084375 0.065625
88 0.64375 0.4078125 0.0484375 0.034375
88 0.6421875 0.4390625 0.0421875 0.025
88 0.6984375 0.665625 0.071875 0.078125
88 0.671875 0.4421875 0.015625 0.03125
88 0.6796875 0.4078125 0.0171875 0.03125
88 0.690625 0.4375 0.0078125 0.021875
88 0.7875 0.590625 0.1046875 0.0609375
88 0.7921875 0.5546875 0.1078125 0.0328125
88 0.79375 0.5046875 0.1109375 0.025
88 0.7921875 0.53125 0.1046875 0.0328125
88 0.8 0.490625 0.1140625 0.00625
88 0.8640625 0.6015625 0.0421875 0.06875
88 0.8640625 0.515625 0.0375 0.040625
88 0.871875 0.5515625 0.0484375 0.0421875
88 0.915625 0.778125 0.075 0.065625
88 0.925 0.725 0.09375 0.0421875
88 0.91875 0.38125 0.078125 0.046875
88 0.91875 0.6046875 0.078125 0.05
88 0.9203125 0.35 0.0796875 0.040625
88 0.915625 0.6890625 0.065625 0.0390625
88 0.9171875 0.5171875 0.06875 0.05
88 0.91875 0.3 0.06875 0.0375
88 0.91875 0.64375 0.0703125 0.0359375
88 0.91875 0.4734375 0.06875 0.0390625
88 0.9203125 0.428125 0.065625 0.05625
88 0.9171875 0.8203125 0.05 0.021875
88 0.928125 0.559375 0.071875 0.040625
