86 0.6375 0.7453125 0.121875 0.2015625
86 0.075 0.753125 0.1484375 0.1921875
86 0.1953125 0.753125 0.140625 0.1859375
86 0.215625 0.5984375 0.034375 0.0140625
86 0.434375 0.7015625 0.0421875 0.1484375
86 0.5015625 0.771875 0.128125 0.203125
86 0.7453125 0.765625 0.1421875 0.1875
86 0.8046875 0.596875 0.0578125 0.0296875
86 0.85625 0.76875 0.1578125 0.19375
86 0.8234375 0.6375 0.053125 0.0796875
86 0.9515625 0.775 0.0953125 0.190625
86 0.95 0.584375 0.03125 0.025
86 0.9578125 0.615625 0.0484375 0.0453125
