86 0.7765625 0.7015625 0.1609375 0.246875
86 0.1875 0.4953125 0.0203125 0.053125
86 0.2171875 0.4953125 0.01875 0.03125
86 0.275 0.5140625 0.0328125 0.0453125
86 0.4671875 0.5234375 0.0359375 0.1171875
86 0.5125 0.50625 0.0375 0.0515625
86 0.5546875 0.578125 0.0953125 0.1640625
86 0.5578125 0.475 0.0421875 0.028125
86 0.6296875 0.5828125 0.0546875 0.1078125
86 0.6765625 0.5453125 0.0546875 0.0953125
86 0.6828125 0.4921875 0.028125 0.0515625
86 0.7140625 0.51875 0.0375 0.09375
86 0.75 0.525 0.034375 0.084375
86 0.7859375 0.4796875 0.0234375 0.025
86 0.81875 0.51875 0.046875 0.0546875
86 0.815625 0.4828125 0.028125 0.0265625
86 0.8671875 0.4921875 0.0234375 0.03125
86 0.8890625 0.5546875 0.05625 0.1078125
86 0.9203125 0.5046875 0.0390625 0.0375
86 0.946875 0.5921875 0.0671875 0.1578125
86 0.9578125 0.7640625 0.0796875 0.1375
