86 0.2015625 0.71875 0.146875 0.146875
86 0.053125 0.5890625 0.0296875 0.0734375
86 0.140625 0.628125 0.05625 0.0953125
86 0.3296875 0.7484375 0.1171875 0.171875
86 0.3359375 0.690625 0.109375 0.1203125
86 0.3109375 0.5625 0.021875 0.025
86 0.334375 0.56875 0.025 0.0265625
86 0.3765625 0.59375 0.0515625 0.0296875
86 0.4265625 0.7671875 0.0890625 0.1546875
86 0.4375 0.59375 0.0515625 0.0421875
86 0.4359375 0.5328125 0.0140625 0.009375
86 0.4984375 0.7953125 0.1046875 0.1578125
86 0.4796875 0.5640625 0.028125 0.03125
86 0.4890625 0.609375 0.046875 0.0375
86 0.528125 0.8390625 0.103125 0.06875
86 0.515625 0.540625 0.021875 0.0046875
86 0.521875 0.565625 0.03125 0.01875
86 0.534375 0.6296875 0.0359375 0.0328125
86 0.53125 0.5453125 0.015625 0.00625
86 0.5546875 0.5765625 0.0375 0.0125
86 0.6125 0.8203125 0.10625 0.1015625
86 0.61875 0.559375 0.0203125 0.025
86 0.7421875 0.6546875 0.025 0.0453125
86 0.803125 0.8671875 0.146875 0.0125
86 0.7765625 0.6703125 0.0234375 0.0234375
86 0.7875 0.5578125 0.0328125 0.0234375
86 0.8484375 0.615625 0.046875 0.034375
86 0.8546875 0.5828125 0.0578125 0.0234375
