89 0.034375 0.89375 0.06875 0.075
89 0.034375 0.9609375 0.06875 0.0765625
89 0.0390625 0.684375 0.078125 0.078125
89 0.0390625 0.8234375 0.078125 0.0703125
89 0.0421875 0.6171875 0.084375 0.075
89 0.04375 0.753125 0.0875 0.06875
89 0.13125 0.3953125 0.2625 0.365625
89 0.1 0.990625 0.0625 0.015625
89 0.0984375 0.95625 0.0578125 0.06875
89 0.1046875 0.8125 0.0703125 0.0734375
89 0.1046875 0.8859375 0.0703125 0.071875
89 0.1078125 0.7484375 0.0703125 0.0625
89 0.1046875 0.678125 0.059375 0.0671875
89 0.1109375 0.6203125 0.053125 0.059375
89 0.1671875 0.965625 0.0640625 0.0671875
89 0.1703125 0.746875 0.06875 0.06875
89 0.16875 0.8875 0.0625 0.0796875
89 0.1703125 0.625 0.0640625 0.0625
89 0.175 0.684375 0.0734375 0.0671875
89 0.1765625 0.815625 0.0703125 0.0625
89 0.2375 0.7546875 0.0734375 0.0640625
89 0.2390625 0.8875 0.071875 0.0796875
89 0.2375 0.684375 0.0640625 0.06875
89 0.2390625 0.81875 0.0671875 0.0734375
89 0.240625 0.9609375 0.0671875 0.0765625
89 0.2421875 0.621875 0.065625 0.0578125
89 0.3 0.759375 0.0671875 0.075
89 0.3078125 0.81875 0.075 0.071875
89 0.3046875 0.690625 0.065625 0.0609375
89 0.309375 0.8859375 0.0703125 0.078125
89 0.3078125 0.9625 0.065625 0.071875
89 0.3109375 0.615625 0.0625 0.0796875
