86 0.8171875 0.7359375 0.1859375 0.2203125
86 0.04375 0.6984375 0.0828125 0.1234375
86 0.1421875 0.8109375 0.1484375 0.1265625
86 0.2203125 0.7078125 0.0859375 0.0859375
86 0.3046875 0.8 0.103125 0.1453125
86 0.346875 0.5984375 0.03125 0.0359375
86 0.3703125 0.5984375 0.0265625 0.0359375
86 0.43125 0.7921875 0.1125 0.1640625
86 0.4734375 0.6203125 0.021875 0.05625
86 0.490625 0.6109375 0.0234375 0.059375
86 0.5125 0.6046875 0.0328125 0.05625
86 0.5453125 0.653125 0.059375 0.0828125
86 0.53125 0.6 0.0234375 0.046875
86 0.578125 0.646875 0.025 0.090625
86 0.59375 0.6421875 0.03125 0.0859375
86 0.61875 0.8625 0.075 0.0234375
86 0.6078125 0.6328125 0.0171875 0.0828125
86 0.640625 0.59375 0.00625 0.0265625
86 0.6453125 0.5953125 0.009375 0.040625
86 0.7203125 0.8375 0.1203125 0.0734375
86 0.66875 0.5796875 0.0046875 0.0234375
86 0.675 0.58125 0.0140625 0.0390625
86 0.678125 0.5859375 0.0078125 0.0328125
86 0.6875 0.5828125 0.0171875 0.0390625
