86 0.8265625 0.7859375 0.0828125 0.153125
86 0.1234375 0.7390625 0.0359375 0.103125
86 0.125 0.784375 0.040625 0.1140625
86 0.1546875 0.69375 0.0515625 0.03125
86 0.1765625 0.7875 0.096875 0.1328125
86 0.184375 0.7421875 0.0578125 0.1203125
86 0.2171875 0.6984375 0.05 0.03125
86 0.2203125 0.6734375 0.034375 0.0203125
86 0.2453125 0.7421875 0.0578125 0.115625
86 0.2765625 0.7890625 0.096875 0.1421875
86 0.2703125 0.6734375 0.0390625 0.0203125
86 0.28125 0.696875 0.046875 0.0328125
86 0.359375 0.675 0.1765625 0.078125
86 0.3265625 0.7515625 0.0625 0.1203125
86 0.3203125 0.675 0.0375 0.0171875
86 0.3484375 0.71875 0.0765625 0.0796875
86 0.3734375 0.6703125 0.0375 0.025
86 0.646875 0.66875 0.178125 0.065625
86 0.625 0.6953125 0.04375 0.075
86 0.68125 0.734375 0.06875 0.1
86 0.7 0.790625 0.09375 0.1375
86 0.678125 0.6703125 0.040625 0.0265625
86 0.73125 0.6796875 0.0484375 0.034375
86 0.7515625 0.7359375 0.059375 0.0953125
86 0.778125 0.68125 0.03125 0.0359375
86 0.81875 0.7328125 0.05625 0.0953125
86 0.859375 0.725 0.0484375 0.096875
86 0.88125 0.7828125 0.0296875 0.0796875
