86 0.175 0.4328125 0.0140625 0.0203125
86 0.203125 0.6484375 0.071875 0.1515625
86 0.3265625 0.90625 0.31875 0.184375
86 0.296875 0.5671875 0.1140625 0.078125
86 0.29375 0.434375 0.01875 0.0109375
86 0.3984375 0.66875 0.1953125 0.128125
86 0.4765625 0.56875 0.1046875 0.0984375
86 0.6328125 0.80625 0.2109375 0.3859375
86 0.58125 0.565625 0.0765625 0.059375
86 0.7390625 0.9390625 0.1875 0.1203125
86 0.7859375 0.58125 0.09375 0.078125
86 0.771875 0.4453125 0.0328125 0.0234375
86 0.8140625 0.440625 0.0359375 0.040625
