86 0.0234375 0.484375 0.046875 0.0625
86 0.0640625 0.6234375 0.128125 0.24375
86 0.1328125 0.51875 0.1078125 0.128125
86 0.3140625 0.6640625 0.2234375 0.3203125
86 0.3328125 0.515625 0.084375 0.0625
86 0.35625 0.4921875 0.075 0.0484375
86 0.721875 0.709375 0.2359375 0.328125
86 0.6359375 0.5046875 0.046875 0.0609375
86 0.6578125 0.5203125 0.0640625 0.0609375
86 0.6859375 0.5828125 0.1 0.14375
86 0.76875 0.515625 0.0703125 0.071875
86 0.80625 0.475 0.071875 0.0453125
86 0.8546875 0.6171875 0.1046875 0.24375
86 0.934375 0.6765625 0.1296875 0.3203125
