86 0.021875 0.5140625 0.0421875 0.071875
86 0.025 0.621875 0.05 0.121875
86 0.19375 0.7625 0.15 0.0375
86 0.225 0.565625 0.059375 0.0828125
86 0.26875 0.6671875 0.1046875 0.165625
86 0.265625 0.5 0.0609375 0.046875
86 0.3671875 0.71875 0.21875 0.121875
86 0.3421875 0.6328125 0.134375 0.1421875
86 0.3421875 0.4859375 0.0453125 0.0640625
86 0.4484375 0.6234375 0.1296875 0.1515625
86 0.4171875 0.5375 0.0359375 0.0390625
86 0.5015625 0.496875 0.04375 0.0609375
86 0.5109375 0.521875 0.0390625 0.0390625
86 0.55 0.6140625 0.1015625 0.1328125
86 0.646875 0.678125 0.1671875 0.203125
86 0.70625 0.546875 0.025 0.0390625
86 0.7375 0.6609375 0.05625 0.1921875
86 0.9890625 0.55 0.0203125 0.0921875
