86 0.065625 0.6 0.1046875 0.1921875
86 0.13125 0.5796875 0.046875 0.1171875
86 0.1796875 0.5234375 0.0453125 0.0765625
86 0.2359375 0.7234375 0.1546875 0.278125
86 0.1921875 0.471875 0.021875 0.028125
86 0.2984375 0.4765625 0.028125 0.05625
86 0.371875 0.6484375 0.1125 0.228125
86 0.4578125 0.6734375 0.1515625 0.253125
86 0.515625 0.6375 0.1078125 0.24375
86 0.6796875 0.684375 0.1546875 0.2609375
86 0.675 0.6546875 0.1125 0.2390625
86 0.8109375 0.6421875 0.14375 0.2296875
86 0.8484375 0.5 0.01875 0.0265625
86 0.9109375 0.60625 0.1234375 0.18125
