88 0.0984375 0.8078125 0.196875 0.1328125
88 0.1015625 0.5234375 0.203125 0.1203125
88 0.1046875 0.3546875 0.209375 0.1390625
88 0.10625 0.2765625 0.2109375 0.1515625
88 0.10625 0.209375 0.2125 0.125
88 0.1078125 0.6015625 0.2140625 0.13125
88 0.109375 0.1671875 0.21875 0.0828125
88 0.1015625 0.6890625 0.2015625 0.1296875
88 0.10625 0.4375 0.20625 0.1421875
88 0.296875 0.81875 0.2046875 0.1109375
88 0.296875 0.2640625 0.1875 0.1046875
88 0.296875 0.7203125 0.18125 0.1015625
88 0.303125 0.1953125 0.1796875 0.1375
88 0.45625 0.328125 0.171875 0.0921875
88 0.4828125 0.83125 0.1875 0.084375
88 0.4765625 0.7515625 0.1734375 0.0796875
88 0.465625 0.2578125 0.15 0.1234375
88 0.6140625 0.3859375 0.1484375 0.0890625
88 0.6171875 0.3203125 0.1453125 0.0984375
88 0.640625 0.8359375 0.15625 0.0671875
88 0.634375 0.775 0.140625 0.0703125
88 0.74375 0.3578125 0.11875 0.075
88 0.753125 0.596875 0.1359375 0.1046875
88 0.74375 0.415625 0.1109375 0.0890625
88 0.7484375 0.471875 0.11875 0.0828125
88 0.759375 0.5375 0.1171875 0.078125
88 0.765625 0.73125 0.1109375 0.0640625
88 0.7734375 0.790625 0.1234375 0.06875
88 0.778125 0.8453125 0.1234375 0.05625
88 0.775 0.6609375 0.1140625 0.065625
88 0.8515625 0.4109375 0.0984375 0.0890625
88 0.85 0.4609375 0.0921875 0.0734375
88 0.859375 0.5171875 0.0921875 0.0828125
88 0.8640625 0.5703125 0.0953125 0.0859375
88 0.890625 0.85625 0.146875 0.0359375
88 0.88125 0.7421875 0.1109375 0.096875
88 0.8828125 0.6953125 0.109375 0.090625
88 0.8828125 0.6375 0.096875 0.0796875
88 0.8953125 0.803125 0.1234375 0.0640625
