86 0.4421875 0.5953125 0.134375 0.20625
86 0.0671875 0.4203125 0.021875 0.05625
86 0.140625 0.565625 0.159375 0.2046875
86 0.1578125 0.4390625 0.0375 0.0484375
86 0.2375 0.615625 0.18125 0.240625
86 0.1640625 0.3984375 0.0171875 0.034375
86 0.2546875 0.4296875 0.0375 0.0453125
86 0.2890625 0.4234375 0.0359375 0.046875
86 0.3765625 0.40625 0.0140625 0.021875
86 0.8109375 0.6921875 0.2796875 0.1375
86 0.846875 0.621875 0.2046875 0.20625
86 0.8734375 0.546875 0.1015625 0.1453125
86 0.896875 0.521875 0.0609375 0.1375
86 0.9203125 0.496875 0.0578125 0.1109375
86 0.95 0.725 0.1 0.071875
86 0.9453125 0.4359375 0.0234375 0.034375
