86 0.375 0.665625 0.165625 0.209375
86 0.140625 0.5140625 0.0640625 0.11875
86 0.146875 0.4921875 0.0484375 0.0984375
86 0.2046875 0.5203125 0.096875 0.121875
86 0.2359375 0.6421875 0.146875 0.2328125
86 0.2234375 0.575 0.0953125 0.175
86 0.3546875 0.484375 0.0609375 0.0359375
86 0.35 0.4640625 0.0484375 0.021875
86 0.409375 0.4515625 0.0515625 0.034375
86 0.521875 0.471875 0.0578125 0.0234375
86 0.6015625 0.6703125 0.16875 0.2625
86 0.546875 0.4625 0.0296875 0.053125
86 0.5921875 0.4734375 0.0703125 0.0453125
86 0.6015625 0.4453125 0.0375 0.0328125
86 0.6609375 0.5203125 0.08125 0.1
86 0.696875 0.6046875 0.1359375 0.2078125
86 0.71875 0.5234375 0.06875 0.1265625
86 0.8203125 0.521875 0.0890625 0.1390625
86 0.8296875 0.453125 0.0375 0.04375
86 0.8703125 0.4953125 0.0703125 0.1140625
