86 0.2734375 0.7515625 0.1828125 0.15
86 0.0640625 0.5125 0.128125 0.184375
86 0.1 0.7125 0.2 0.2390625
86 0.1640625 0.584375 0.2453125 0.1890625
86 0.1515625 0.4765625 0.140625 0.128125
86 0.2015625 0.4296875 0.071875 0.0875
86 0.2984375 0.4890625 0.1265625 0.1765625
86 0.2578125 0.4109375 0.0421875 0.0703125
86 0.29375 0.3921875 0.0421875 0.04375
86 0.35625 0.478125 0.1125 0.1609375
86 0.325 0.3796875 0.028125 0.034375
86 0.490625 0.565625 0.2078125 0.1703125
86 0.4046875 0.403125 0.0296875 0.05625
86 0.6140625 0.690625 0.3171875 0.284375
86 0.621875 0.4953125 0.15625 0.10625
86 0.8328125 0.5203125 0.15625 0.14375
