88 0.8109375 0.3953125 0.321875 0.3984375
88 0.09375 0.815625 0.1875 0.1171875
88 0.13125 0.659375 0.2609375 0.1546875
88 0.13125 0.3703125 0.2625 0.4359375
88 0.5015625 0.265625 0.4609375 0.2390625
88 0.503125 0.64375 0.44375 0.15
88 0.5078125 0.4953125 0.44375 0.121875
88 0.5046875 0.7921875 0.4140625 0.1640625
88 0.7984375 0.4984375 0.1828125 0.1421875
88 0.8109375 0.3140625 0.203125 0.128125
88 0.803125 0.40625 0.1859375 0.0953125
88 0.846875 0.1484375 0.2265625 0.0453125
88 0.8296875 0.2203125 0.1875 0.103125
88 0.9375 0.5359375 0.121875 0.1
88 0.946875 0.4828125 0.103125 0.04375
88 0.9578125 0.3859375 0.0828125 0.05625
88 0.9578125 0.2890625 0.0796875 0.04375
88 0.9671875 0.1921875 0.0625 0.071875
