86 0.153125 0.6859375 0.15 0.246875
86 0.171875 0.5359375 0.040625 0.078125
86 0.175 0.521875 0.0390625 0.0703125
86 0.24375 0.5796875 0.05625 0.140625
86 0.2453125 0.5546875 0.015625 0.109375
86 0.3578125 0.7234375 0.215625 0.21875
86 0.2828125 0.5515625 0.021875 0.0296875
86 0.35625 0.6328125 0.0578125 0.0734375
86 0.4046875 0.5171875 0.0296875 0.0546875
86 0.415625 0.5265625 0.0421875 0.053125
86 0.65625 0.76875 0.2625 0.1296875
86 0.721875 0.575 0.00625 0.028125
86 0.878125 0.7 0.1359375 0.2671875
