86 0.1015625 0.6765625 0.2015625 0.39375
86 0.0421875 0.4859375 0.03125 0.0453125
86 0.10625 0.5140625 0.1078125 0.0953125
86 0.221875 0.5328125 0.1171875 0.1265625
86 0.2921875 0.5671875 0.1046875 0.1671875
86 0.4046875 0.584375 0.21875 0.2125
86 0.4921875 0.4953125 0.03125 0.03125
86 0.65 0.6671875 0.3453125 0.3328125
86 0.5515625 0.5 0.109375 0.0390625
86 0.6921875 0.5046875 0.0734375 0.0515625
86 0.8453125 0.684375 0.3078125 0.378125
86 0.7953125 0.4890625 0.0703125 0.0125
86 0.9515625 0.515625 0.09375 0.0671875
86 0.96875 0.5265625 0.0609375 0.0546875
