86 0.559375 0.6015625 0.0546875 0.090625
86 0.2625 0.5578125 0.009375 0.040625
86 0.2921875 0.61875 0.0546875 0.0828125
86 0.3421875 0.6171875 0.059375 0.075
86 0.4015625 0.609375 0.0625 0.0859375
86 0.428125 0.5546875 0.078125 0.05625
86 0.4859375 0.56875 0.040625 0.0515625
86 0.53125 0.5671875 0.034375 0.0546875
86 0.54375 0.5875 0.01875 0.05625
86 0.640625 0.59375 0.0671875 0.075
86 0.684375 0.5828125 0.03125 0.0625
86 0.734375 0.571875 0.046875 0.0640625
86 0.765625 0.559375 0.0265625 0.0515625
