86 0.5296875 0.7390625 0.103125 0.1703125
86 0.090625 0.8 0.18125 0.0671875
86 0.1578125 0.6578125 0.0890625 0.09375
86 0.3609375 0.7734375 0.15625 0.11875
86 0.334375 0.64375 0.078125 0.0734375
86 0.553125 0.6171875 0.0578125 0.078125
86 0.6375 0.7609375 0.1453125 0.14375
86 0.6125 0.621875 0.075 0.075
86 0.6453125 0.58125 0.05 0.03125
86 0.6984375 0.6265625 0.0625 0.06875
86 0.75 0.7484375 0.0890625 0.146875
86 0.7421875 0.5859375 0.0375 0.0421875
86 0.9703125 0.7234375 0.0578125 0.1484375
