88 0.1453125 0.9015625 0.290625 0.1546875
88 0.15625 0.7625 0.3125 0.175
88 0.1578125 0.6140625 0.3140625 0.15625
88 0.159375 0.4703125 0.31875 0.1734375
88 0.1671875 0.359375 0.3328125 0.1828125
88 0.3984375 0.6296875 0.1828125 0.1328125
88 0.4140625 0.5171875 0.2046875 0.1203125
88 0.5 0.4125 0.3546875 0.0875
88 0.8796875 0.5046875 0.0640625 0.0484375
88 0.8828125 0.5484375 0.0703125 0.0515625
88 0.9 0.59375 0.084375 0.0578125
88 0.953125 0.5171875 0.090625 0.0453125
88 0.953125 0.5546875 0.090625 0.0453125
88 0.9609375 0.596875 0.075 0.04375
88 0.9703125 0.6453125 0.0578125 0.0578125
