86 0.2890625 0.7453125 0.1875 0.1453125
86 0.1453125 0.7203125 0.034375 0.184375
86 0.1734375 0.6921875 0.0421875 0.1953125
86 0.2140625 0.64375 0.09375 0.20625
86 0.3171875 0.659375 0.1703125 0.175
86 0.425 0.659375 0.09375 0.178125
86 0.4625 0.7234375 0.090625 0.2203125
86 0.503125 0.7546875 0.0984375 0.1578125
86 0.5109375 0.625 0.0546875 0.1046875
86 0.5734375 0.7984375 0.14375 0.0703125
86 0.8109375 0.7828125 0.1859375 0.1
86 0.8546875 0.5765625 0.071875 0.0828125
86 0.9765625 0.6078125 0.021875 0.0515625
