86 0.38125 0.6328125 0.15625 0.171875
86 0.0125 0.4546875 0.0234375 0.0390625
86 0.109375 0.81875 0.21875 0.021875
86 0.2609375 0.4484375 0.0796875 0.021875
86 0.2921875 0.4734375 0.140625 0.03125
86 0.3546875 0.5203125 0.1453125 0.071875
86 0.328125 0.5328125 0.0703125 0.0453125
86 0.4703125 0.584375 0.13125 0.2546875
86 0.4671875 0.4484375 0.1203125 0.0171875
86 0.58125 0.584375 0.15625 0.2390625
86 0.6390625 0.65625 0.23125 0.146875
86 0.6546875 0.528125 0.178125 0.065625
86 0.6578125 0.5390625 0.171875 0.05625
86 0.6578125 0.48125 0.1328125 0.053125
86 0.6671875 0.56875 0.1296875 0.0234375
86 0.66875 0.4625 0.1203125 0.0296875
86 0.75625 0.4609375 0.025 0.028125
