88 0.353125 0.5328125 0.0859375 0.0984375
88 0.3546875 0.453125 0.0796875 0.0515625
88 0.3640625 0.621875 0.0765625 0.0875
88 0.4 0.3765625 0.0359375 0.0734375
88 0.409375 0.45625 0.025 0.071875
88 0.4109375 0.5375 0.0265625 0.08125
88 0.4359375 0.6328125 0.0453125 0.04375
88 0.4390625 0.50625 0.040625 0.040625
88 0.4390625 0.58125 0.0359375 0.05
88 0.4390625 0.434375 0.0390625 0.03125
88 0.4421875 0.4734375 0.040625 0.028125
88 0.4421875 0.546875 0.028125 0.021875
88 0.4734375 0.4390625 0.046875 0.0203125
88 0.459375 0.5640625 0.015625 0.0359375
88 0.4796875 0.5 0.040625 0.015625
88 0.4703125 0.6234375 0.015625 0.040625
88 0.4875 0.525 0.046875 0.0375
88 0.4765625 0.5890625 0.021875 0.021875
88 0.48125 0.4671875 0.034375 0.03125
88 0.5375 0.465625 0.059375 0.0453125
88 0.5984375 0.475 0.05625 0.053125
88 0.5984375 0.528125 0.0421875 0.0390625
88 0.609375 0.571875 0.0515625 0.05
88 0.6125 0.6265625 0.0546875 0.0609375
88 0.675 0.55625 0.1015625 0.0796875
88 0.6828125 0.4734375 0.109375 0.0875
