86 0.365625 0.696875 0.103125 0.20625
86 0.1078125 0.66875 0.1015625 0.171875
86 0.125 0.565625 0.0609375 0.075
86 0.14375 0.59375 0.059375 0.0765625
86 0.1375 0.5421875 0.034375 0.0484375
86 0.1921875 0.7109375 0.1296875 0.2015625
86 0.165625 0.5625 0.04375 0.0515625
86 0.2015625 0.5234375 0.03125 0.015625
86 0.2578125 0.559375 0.0453125 0.0296875
86 0.265625 0.5140625 0.0234375 0.0265625
86 0.28125 0.54375 0.0453125 0.015625
86 0.2953125 0.51875 0.021875 0.01875
86 0.3265625 0.528125 0.028125 0.0421875
86 0.346875 0.5484375 0.0234375 0.0484375
86 0.3546875 0.5234375 0.0140625 0.0140625
86 0.3625 0.503125 0.0203125 0.0140625
86 0.384375 0.5609375 0.0421875 0.0359375
86 0.38125 0.5203125 0.0203125 0.0375
86 0.39375 0.5140625 0.028125 0.040625
86 0.4234375 0.51875 0.0375 0.0453125
86 0.4640625 0.671875 0.10625 0.16875
86 0.4640625 0.603125 0.05 0.09375
86 0.453125 0.4890625 0.015625 0.015625
86 0.4640625 0.5171875 0.028125 0.053125
86 0.4890625 0.5453125 0.046875 0.084375
86 0.5 0.503125 0.0171875 0.0296875
86 0.5296875 0.5890625 0.053125 0.1125
86 0.5328125 0.5328125 0.034375 0.04375
86 0.5609375 0.6203125 0.0796875 0.13125
86 0.5421875 0.484375 0.0140625 0.00625
86 0.5640625 0.55 0.0375 0.0453125
86 0.6078125 0.5234375 0.021875 0.025
86 0.609375 0.4921875 0.0125 0.0140625
86 0.6546875 0.6328125 0.06875 0.1375
86 0.6515625 0.5359375 0.03125 0.0140625
86 0.646875 0.515625 0.0078125 0.0140625
86 0.7609375 0.628125 0.0640625 0.1375
86 0.75 0.5453125 0.0375 0.028125
