86 0.921875 0.65 0.14375 0.2515625
86 0.0421875 0.5546875 0.0828125 0.0875
86 0.046875 0.6 0.09375 0.1171875
86 0.0515625 0.6734375 0.1015625 0.1515625
86 0.065625 0.778125 0.13125 0.1109375
86 0.125 0.521875 0.0625 0.0375
86 0.2609375 0.75625 0.19375 0.1546875
86 0.3703125 0.6203125 0.0921875 0.1109375
86 0.465625 0.7390625 0.184375 0.1890625
86 0.5703125 0.53125 0.1140625 0.1203125
86 0.6578125 0.5671875 0.11875 0.153125
86 0.7734375 0.60625 0.146875 0.1765625
86 0.740625 0.509375 0.04375 0.0390625
86 0.8828125 0.525 0.0546875 0.03125
