82 0.4296875 0.6953125 0.24375 0.234375
82 0.0140625 0.4578125 0.028125 0.065625
82 0.0234375 0.446875 0.0453125 0.05625
82 0.0421875 0.628125 0.084375 0.2578125
82 0.0515625 0.4515625 0.06875 0.078125
82 0.1578125 0.7171875 0.2421875 0.2328125
82 0.1140625 0.453125 0.0578125 0.08125
82 0.109375 0.4390625 0.04375 0.0796875
82 0.1984375 0.409375 0.01875 0.009375
82 0.3 0.58125 0.0984375 0.18125
82 0.290625 0.415625 0.0296875 0.0546875
82 0.3140625 0.4078125 0.0078125 0.0203125
82 0.359375 0.4796875 0.065625 0.05
82 0.4109375 0.4375 0.05625 0.0515625
82 0.4640625 0.4078125 0.0171875 0.015625
82 0.4703125 0.428125 0.0171875 0.05
82 0.4765625 0.3953125 0.0171875 0.0109375
82 0.5125 0.471875 0.065625 0.103125
82 0.5109375 0.5203125 0.0265625 0.05
82 0.6390625 0.475 0.0625 0.0921875
82 0.7796875 0.5109375 0.0796875 0.121875
82 0.8421875 0.5484375 0.1203125 0.140625
82 0.95 0.5609375 0.0984375 0.1421875
