88 0.0984375 0.1484375 0.196875 0.046875
88 0.11875 0.2734375 0.2359375 0.2125
88 0.11875 0.415625 0.2375 0.1484375
88 0.1265625 0.515625 0.253125 0.1328125
88 0.328125 0.18125 0.140625 0.1109375
88 0.340625 0.3109375 0.153125 0.16875
88 0.4796875 0.30625 0.15625 0.1609375
88 0.6375 0.1734375 0.1578125 0.0953125
88 0.6421875 0.30625 0.1546875 0.1796875
88 0.7328125 0.540625 0.090625 0.159375
88 0.7671875 0.2359375 0.05 0.084375
88 0.7703125 0.1546875 0.053125 0.059375
88 0.8796875 0.5703125 0.2140625 0.1921875
88 0.903125 0.234375 0.190625 0.1921875
88 0.90625 0.4109375 0.1875 0.20625
88 0.940625 0.13125 0.0625 0.0109375
88 0.984375 0.615625 0.0296875 0.1609375
