86 0.040625 0.6453125 0.05625 0.0953125
86 0.0484375 0.721875 0.0640625 0.134375
86 0.1203125 0.6546875 0.2046875 0.16875
86 0.1328125 0.6875 0.128125 0.1953125
86 0.0859375 0.55 0.025 0.0296875
86 0.203125 0.56875 0.075 0.0484375
86 0.2328125 0.5453125 0.0375 0.046875
86 0.2796875 0.615625 0.1140625 0.121875
86 0.35 0.709375 0.221875 0.15625
86 0.2609375 0.540625 0.01875 0.0453125
86 0.284375 0.54375 0.0328125 0.0375
86 0.3828125 0.6140625 0.153125 0.10625
86 0.440625 0.6328125 0.040625 0.1359375
86 0.6109375 0.6359375 0.228125 0.175
86 0.53125 0.715625 0.0640625 0.134375
86 0.53125 0.6390625 0.0625 0.1015625
86 0.5890625 0.5484375 0.028125 0.034375
86 0.6125 0.571875 0.0546875 0.0515625
86 0.7640625 0.590625 0.14375 0.08125
86 0.73125 0.546875 0.05625 0.05625
86 0.8453125 0.70625 0.25 0.159375
86 0.7859375 0.5328125 0.03125 0.0328125
86 0.8859375 0.6171875 0.1453125 0.1328125
86 0.9421875 0.63125 0.0625 0.153125
