86 0.884375 0.846875 0.175 0.2421875
86 0.0359375 0.9578125 0.071875 0.0828125
86 0.0765625 0.7265625 0.08125 0.078125
86 0.209375 0.896875 0.1828125 0.203125
86 0.2 0.7203125 0.071875 0.0640625
86 0.225 0.690625 0.028125 0.06875
86 0.25625 0.6703125 0.04375 0.0578125
86 0.2828125 0.7046875 0.0703125 0.071875
86 0.36875 0.653125 0.05 0.034375
86 0.4453125 0.878125 0.1953125 0.240625
86 0.4390625 0.7109375 0.084375 0.0703125
86 0.453125 0.7296875 0.0859375 0.1015625
86 0.7578125 0.6421875 0.48125 0.159375
86 0.5703125 0.746875 0.0765625 0.1109375
86 0.571875 0.83125 0.0734375 0.1796875
86 0.6328125 0.7421875 0.09375 0.178125
86 0.7828125 0.8375 0.134375 0.2296875
86 0.78125 0.7609375 0.1171875 0.15625
86 0.8921875 0.721875 0.0765625 0.0890625
86 0.9875 0.696875 0.0234375 0.065625
