86 0.065625 0.7921875 0.1296875 0.165625
86 0.08125 0.4234375 0.1078125 0.146875
86 0.20625 0.790625 0.3234375 0.1671875
86 0.1015625 0.284375 0.0234375 0.0640625
86 0.14375 0.3609375 0.0859375 0.1015625
86 0.271875 0.39375 0.0765625 0.128125
86 0.4953125 0.7828125 0.26875 0.1828125
86 0.41875 0.4359375 0.0671875 0.0890625
86 0.4453125 0.4109375 0.0984375 0.134375
86 0.5890625 0.8296875 0.296875 0.0890625
86 0.5421875 0.475 0.14375 0.1625
86 0.5828125 0.4140625 0.065625 0.1265625
86 0.709375 0.515625 0.1546875 0.2171875
86 0.890625 0.80625 0.1984375 0.1375
86 0.890625 0.4953125 0.121875 0.11875
86 0.95 0.75 0.0984375 0.2484375
86 0.9734375 0.5671875 0.05 0.1328125
