88 0.0515625 0.278125 0.1015625 0.221875
88 0.0625 0.6078125 0.125 0.078125
88 0.0875 0.7328125 0.1734375 0.2015625
88 0.1546875 0.1953125 0.1359375 0.0546875
88 0.2953125 0.196875 0.1140625 0.0578125
88 0.4125 0.2625 0.146875 0.1890625
88 0.4765625 0.6375 0.121875 0.184375
88 0.4765625 0.5359375 0.1015625 0.065625
88 0.628125 0.4125 0.0484375 0.1015625
88 0.621875 0.5828125 0.0359375 0.1
88 0.625 0.5015625 0.0421875 0.0828125
88 0.6375 0.2546875 0.05 0.0421875
88 0.634375 0.325 0.0390625 0.103125
88 0.7125 0.5734375 0.1015625 0.078125
88 0.7125 0.528125 0.1 0.071875
88 0.7984375 0.50625 0.0859375 0.05625
88 0.778125 0.553125 0.0328125 0.05
