86 0.1734375 0.8890625 0.3453125 0.2203125
86 0.240625 0.79375 0.2484375 0.3265625
86 0.3359375 0.65625 0.1015625 0.1359375
86 0.45 0.7515625 0.221875 0.26875
86 0.5296875 0.6828125 0.1234375 0.1671875
86 0.5296875 0.6578125 0.1203125 0.11875
86 0.5421875 0.6421875 0.103125 0.109375
86 0.6515625 0.703125 0.125 0.1734375
86 0.7953125 0.871875 0.3953125 0.2546875
86 0.703125 0.6203125 0.03125 0.103125
86 0.7109375 0.5734375 0.0328125 0.0390625
86 0.7328125 0.575 0.0296875 0.040625
86 0.8421875 0.775 0.2375 0.2859375
86 0.9359375 0.9140625 0.1265625 0.14375
86 0.9046875 0.609375 0.0578125 0.0671875
86 0.9421875 0.8234375 0.1125 0.075
86 0.95 0.6234375 0.059375 0.0984375
