85 0.4953125 0.5734375 0.5859375 0.80625
85 0.26875 0.1734375 0.1703125 0.340625
85 0.2859375 0.653125 0.203125 0.6890625
85 0.4 0.834375 0.0828125 0.328125
85 0.38125 0.265625 0.040625 0.190625
85 0.390625 0.265625 0.046875 0.1984375
85 0.396875 0.834375 0.0484375 0.309375
85 0.4390625 0.3359375 0.065625 0.2796875
85 0.45625 0.7890625 0.096875 0.31875
85 0.465625 0.784375 0.1046875 0.30625
85 0.4359375 0.334375 0.040625 0.2671875
85 0.5 0.3421875 0.090625 0.24375
85 0.5015625 0.34375 0.0859375 0.246875
85 0.5734375 0.721875 0.075 0.2328125
85 0.5796875 0.73125 0.075 0.209375
85 0.68125 0.3359375 0.2703125 0.26875
85 0.684375 0.334375 0.2640625 0.25625
85 0.71875 0.7390625 0.1828125 0.221875
