88 0.384375 0.409375 0.059375 0.0515625
88 0.3859375 0.5015625 0.0625 0.05
88 0.3890625 0.334375 0.0640625 0.0453125
88 0.3859375 0.45625 0.05625 0.05
88 0.390625 0.365625 0.05625 0.04375
88 0.4453125 0.3640625 0.0671875 0.05
88 0.446875 0.3203125 0.0640625 0.0484375
88 0.4828125 0.4375 0.134375 0.109375
88 0.4875 0.5125 0.1421875 0.0546875
88 0.515625 0.3125 0.084375 0.05625
88 0.5203125 0.359375 0.078125 0.0609375
88 0.6 0.3 0.096875 0.053125
88 0.603125 0.409375 0.1046875 0.0609375
88 0.6015625 0.51875 0.090625 0.059375
88 0.603125 0.465625 0.0890625 0.065625
88 0.6046875 0.353125 0.09375 0.053125
