86 0.0421875 0.6828125 0.084375 0.19375
86 0.0140625 0.553125 0.0265625 0.040625
86 0.1734375 0.784375 0.2265625 0.1796875
86 0.165625 0.6234375 0.1625 0.10625
86 0.328125 0.6734375 0.1359375 0.20625
86 0.43125 0.76875 0.1828125 0.2109375
86 0.4234375 0.628125 0.0625 0.14375
86 0.4875 0.5796875 0.05625 0.0765625
86 0.6171875 0.590625 0.103125 0.14375
86 0.68125 0.54375 0.0625 0.0390625
86 0.7375 0.55 0.06875 0.05
86 0.8140625 0.6140625 0.0828125 0.175
86 0.903125 0.6265625 0.103125 0.171875
86 0.9640625 0.6359375 0.06875 0.190625
