88 0.065625 0.3921875 0.05625 0.0453125
88 0.090625 0.225 0.1 0.0625
88 0.090625 0.284375 0.0921875 0.0546875
88 0.09375 0.165625 0.0921875 0.05
88 0.11875 0.34375 0.03125 0.0578125
88 0.175 0.3453125 0.0875 0.053125
88 0.184375 0.2875 0.090625 0.0484375
88 0.190625 0.228125 0.103125 0.0546875
88 0.196875 0.1703125 0.0984375 0.0484375
88 0.203125 0.1359375 0.109375 0.01875
88 0.3609375 0.30625 0.1609375 0.05
88 0.365625 0.24375 0.16875 0.0546875
88 0.36875 0.178125 0.165625 0.071875
88 0.3671875 0.3625 0.14375 0.053125
88 0.5296875 0.184375 0.1625 0.0609375
88 0.5296875 0.378125 0.1625 0.0671875
88 0.5296875 0.3140625 0.1640625 0.059375
88 0.5359375 0.2453125 0.1578125 0.05625
88 0.5328125 0.4421875 0.1484375 0.059375
88 0.709375 0.175 0.1734375 0.05625
88 0.709375 0.234375 0.15625 0.0625
88 0.7140625 0.2984375 0.159375 0.059375
88 0.7140625 0.3609375 0.1484375 0.05625
88 0.725 0.4171875 0.1078125 0.0546875
