86 0.065625 0.815625 0.13125 0.034375
86 0.065625 0.7015625 0.0921875 0.1390625
86 0.1546875 0.6484375 0.065625 0.0859375
86 0.18125 0.765625 0.096875 0.1359375
86 0.2578125 0.6359375 0.053125 0.0375
86 0.2890625 0.7609375 0.0828125 0.14375
86 0.38125 0.759375 0.09375 0.146875
86 0.3875 0.590625 0.0234375 0.059375
86 0.5046875 0.753125 0.1015625 0.140625
86 0.525 0.6171875 0.040625 0.01875
86 0.584375 0.7859375 0.0984375 0.053125
86 0.5734375 0.7015625 0.0703125 0.140625
86 0.5921875 0.6328125 0.03125 0.04375
86 0.6125 0.6828125 0.0578125 0.115625
86 0.6734375 0.6953125 0.0734375 0.128125
86 0.7515625 0.7671875 0.0984375 0.0421875
86 0.73125 0.70625 0.05 0.1140625
86 0.725 0.6015625 0.0234375 0.021875
86 0.740625 0.6015625 0.021875 0.021875
86 0.7453125 0.5734375 0.0203125 0.0171875
86 0.79375 0.70625 0.090625 0.08125
86 0.771875 0.603125 0.0203125 0.021875
86 0.8578125 0.75625 0.0859375 0.0421875
86 0.8484375 0.6296875 0.040625 0.0203125
86 0.85 0.609375 0.028125 0.021875
86 0.9359375 0.6109375 0.03125 0.0125
86 0.971875 0.734375 0.053125 0.0328125
