83 0.59375 0.771875 0.328125 0.1734375
83 0.09375 0.60625 0.0953125 0.134375
83 0.10625 0.671875 0.11875 0.165625
83 0.2421875 0.803125 0.3625 0.1421875
83 0.2453125 0.6296875 0.2015625 0.1359375
83 0.2171875 0.559375 0.1375 0.04375
83 0.40625 0.56875 0.09375 0.146875
83 0.5 0.590625 0.11875 0.153125
83 0.5609375 0.571875 0.221875 0.175
83 0.65 0.6203125 0.146875 0.159375
83 0.7 0.6421875 0.1984375 0.1265625
83 0.7640625 0.5609375 0.1359375 0.0625
83 0.7921875 0.496875 0.0890625 0.0359375
83 0.840625 0.675 0.159375 0.1765625
83 0.8328125 0.559375 0.1328125 0.0625
83 0.8765625 0.5 0.096875 0.034375
83 0.9390625 0.6109375 0.1203125 0.078125
83 0.9671875 0.540625 0.0640625 0.0390625
