86 0.134375 0.425 0.0171875 0.0234375
86 0.15 0.5859375 0.05 0.23125
86 0.1515625 0.4578125 0.053125 0.0359375
86 0.1625 0.4109375 0.040625 0.0234375
86 0.2015625 0.5390625 0.103125 0.1671875
86 0.190625 0.43125 0.05 0.025
86 0.1859375 0.4078125 0.025 0.025
86 0.2390625 0.5125 0.084375 0.15625
86 0.2765625 0.8890625 0.153125 0.2203125
86 0.234375 0.421875 0.0375 0.040625
86 0.296875 0.7765625 0.14375 0.2953125
86 0.2625 0.4015625 0.0421875 0.0203125
86 0.278125 0.475 0.059375 0.1296875
86 0.315625 0.440625 0.04375 0.09375
86 0.4046875 0.4125 0.028125 0.0375
86 0.4484375 0.528125 0.1078125 0.1796875
86 0.4578125 0.5671875 0.11875 0.209375
86 0.4234375 0.434375 0.0328125 0.046875
