86 0.3984375 0.6421875 0.203125 0.2515625
86 0.0609375 0.4921875 0.1125 0.1703125
86 0.1265625 0.5625 0.2 0.2375
86 0.1984375 0.634375 0.2484375 0.2859375
86 0.396875 0.415625 0.0953125 0.1203125
86 0.684375 0.6734375 0.228125 0.2984375
86 0.753125 0.4078125 0.0921875 0.090625
86 0.834375 0.6265625 0.2140625 0.265625
86 0.821875 0.434375 0.0859375 0.115625
86 0.909375 0.565625 0.178125 0.225
86 0.9125 0.440625 0.1375 0.096875
86 0.8984375 0.371875 0.0828125 0.1203125
86 0.95625 0.5515625 0.0859375 0.0984375
