81 0.071875 0.559375 0.14375 0.0546875
81 0.1109375 0.525 0.2203125 0.0421875
81 0.13125 0.7015625 0.2609375 0.2625
81 0.234375 0.5984375 0.16875 0.1515625
81 0.546875 0.7265625 0.5609375 0.2140625
81 0.3421875 0.5484375 0.0375 0.078125
81 0.3484375 0.509375 0.0328125 0.0125
81 0.496875 0.540625 0.246875 0.0859375
81 0.640625 0.6015625 0.253125 0.128125
81 0.70625 0.528125 0.1 0.0421875
81 0.8234375 0.5953125 0.1125 0.1703125
81 0.9328125 0.6171875 0.13125 0.2
81 0.896875 0.5265625 0.05 0.0171875
