82 0.390625 0.7109375 0.14375 0.1796875
82 0.0453125 0.5453125 0.028125 0.0640625
82 0.0640625 0.5875 0.028125 0.0265625
82 0.0640625 0.5015625 0.028125 0.0125
82 0.1359375 0.28125 0.1125 0.0796875
82 0.109375 0.55625 0.0375 0.0234375
82 0.1046875 0.5125 0.009375 0.0171875
82 0.1125 0.5265625 0.0109375 0.0140625
82 0.1796875 0.540625 0.0328125 0.015625
82 0.1765625 0.5203125 0.0203125 0.021875
82 0.190625 0.5046875 0.034375 0.03125
82 0.228125 0.5375 0.03125 0.0125
82 0.2421875 0.5234375 0.034375 0.0234375
82 0.2359375 0.4890625 0.01875 0.00625
82 0.2828125 0.271875 0.0828125 0.06875
82 0.271875 0.5265625 0.0328125 0.009375
82 0.421875 0.2734375 0.0875 0.0640625
82 0.5375 0.26875 0.08125 0.0671875
82 0.675 0.71875 0.065625 0.0796875
82 0.6828125 0.2578125 0.0328125 0.0484375
82 0.721875 0.6171875 0.028125 0.0421875
82 0.7453125 0.703125 0.075 0.08125
82 0.7234375 0.265625 0.028125 0.046875
82 0.78125 0.284375 0.05 0.065625
82 0.834375 0.7171875 0.0765625 0.090625
82 0.8484375 0.684375 0.0546875 0.084375
82 0.890625 0.715625 0.0859375 0.10625
82 0.890625 0.2828125 0.03125 0.06875
82 0.921875 0.725 0.090625 0.09375
82 0.9296875 0.29375 0.04375 0.0890625
