86 0.4265625 0.696875 0.3046875 0.3546875
86 0.0125 0.3921875 0.025 0.0421875
86 0.0859375 0.3203125 0.015625 0.0109375
86 0.178125 0.440625 0.1 0.0578125
86 0.40625 0.38125 0.046875 0.04375
86 0.465625 0.3734375 0.0765625 0.071875
86 0.5984375 0.55 0.1171875 0.225
86 0.728125 0.76875 0.33125 0.209375
86 0.6625 0.459375 0.0296875 0.071875
86 0.7796875 0.4296875 0.0578125 0.1078125
86 0.9015625 0.7125 0.146875 0.321875
86 0.9640625 0.4640625 0.0171875 0.0640625
86 0.965625 0.4109375 0.015625 0.028125
