88 0.2484375 0.646875 0.0921875 0.1109375
88 0.25 0.409375 0.0953125 0.0734375
88 0.253125 0.578125 0.0953125 0.09375
88 0.25625 0.3671875 0.096875 0.06875
88 0.25625 0.4625 0.0984375 0.053125
88 0.25625 0.5265625 0.0984375 0.0765625
88 0.5125 0.4625 0.1375 0.10625
88 0.5 0.7515625 0.1015625 0.1234375
88 0.5125 0.5703125 0.1234375 0.109375
88 0.5015625 0.6640625 0.0953125 0.11875
88 0.521875 0.2671875 0.1265625 0.128125
88 0.5203125 0.3640625 0.11875 0.1203125
88 0.6046875 0.6984375 0.0921875 0.1375
88 0.6015625 0.79375 0.078125 0.1296875
88 0.621875 0.5828125 0.096875 0.125
88 0.621875 0.35 0.0984375 0.1359375
88 0.621875 0.4609375 0.0875 0.121875
88 0.63125 0.23125 0.10625 0.134375
88 0.6484375 0.8125 0.021875 0.0984375
