88 0.153125 0.5296875 0.1640625 0.203125
88 0.0109375 0.4921875 0.021875 0.0453125
88 0.028125 0.4484375 0.0546875 0.0421875
88 0.0109375 0.5390625 0.01875 0.053125
88 0.0109375 0.5890625 0.0140625 0.053125
88 0.0640625 0.384375 0.034375 0.05625
88 0.2375 0.4109375 0.071875 0.1
88 0.2421875 0.5609375 0.053125 0.05
88 0.2453125 0.478125 0.0546875 0.05625
88 0.2421875 0.5203125 0.04375 0.0453125
88 0.2765625 0.3984375 0.015625 0.059375
88 0.2828125 0.4390625 0.01875 0.04375
88 0.2921875 0.565625 0.0375 0.05
88 0.296875 0.4875 0.0375 0.05
88 0.2984375 0.39375 0.0328125 0.05
88 0.2984375 0.525 0.0265625 0.0484375
88 0.303125 0.440625 0.0203125 0.04375
88 0.3265625 0.5859375 0.0453125 0.0640625
88 0.334375 0.4921875 0.05 0.0421875
88 0.3328125 0.5359375 0.04375 0.05625
88 0.334375 0.446875 0.0421875 0.0421875
88 0.3328125 0.3953125 0.0375 0.053125
88 0.36875 0.5921875 0.0625 0.05
88 0.3640625 0.55 0.034375 0.0578125
88 0.371875 0.45 0.04375 0.0703125
88 0.3875 0.509375 0.0734375 0.065625
88 0.3875 0.390625 0.071875 0.0625
88 0.68125 0.6390625 0.634375 0.403125
88 0.4 0.565625 0.0359375 0.0796875
88 0.4046875 0.4546875 0.0390625 0.05625
88 0.4796875 0.396875 0.1046875 0.05625
88 0.46875 0.5703125 0.0390625 0.05
88 0.4953125 0.459375 0.0875 0.075
88 0.471875 0.5203125 0.034375 0.0578125
88 0.5703125 0.4 0.084375 0.04375
88 0.5734375 0.446875 0.0671875 0.040625
88 0.65 0.403125 0.075 0.05
88 0.6671875 0.4421875 0.0640625 0.0375
88 0.7109375 0.396875 0.05 0.0453125
88 0.7171875 0.4390625 0.0453125 0.0375
88 0.79375 0.41875 0.0546875 0.065625
