86 0.03125 0.78125 0.0625 0.1234375
86 0.140625 0.6796875 0.28125 0.3265625
86 0.1171875 0.375 0.190625 0.2984375
86 0.309375 0.371875 0.2203125 0.2796875
86 0.3484375 0.6765625 0.2734375 0.315625
86 0.5 0.359375 0.2265625 0.2875
86 0.5765625 0.6546875 0.2953125 0.3578125
86 0.696875 0.3625 0.2359375 0.271875
86 0.778125 0.6484375 0.3171875 0.3515625
86 0.8875 0.3484375 0.221875 0.2921875
86 0.88125 0.55625 0.071875 0.2078125
86 0.94375 0.5953125 0.0921875 0.2078125
86 0.9671875 0.6453125 0.0625 0.2109375
