86 0.5921875 0.6125 0.16875 0.1859375
86 0.2796875 0.4640625 0.121875 0.140625
86 0.3328125 0.4859375 0.1015625 0.15
86 0.4015625 0.51875 0.14375 0.178125
86 0.4046875 0.3796875 0.0203125 0.0171875
86 0.4953125 0.546875 0.15625 0.2109375
86 0.484375 0.5109375 0.128125 0.171875
86 0.575 0.48125 0.0703125 0.1578125
86 0.6265625 0.40625 0.04375 0.0296875
86 0.6390625 0.44375 0.0671875 0.0484375
86 0.696875 0.5921875 0.153125 0.2125
86 0.7578125 0.6828125 0.125 0.2953125
86 0.8265625 0.4296875 0.0578125 0.078125
86 0.9328125 0.7828125 0.1328125 0.096875
86 0.9640625 0.4640625 0.06875 0.1109375
