82 0.05625 0.7765625 0.1125 0.171875
82 0.01875 0.6671875 0.03125 0.04375
82 0.0515625 0.678125 0.0546875 0.0640625
82 0.0984375 0.68125 0.053125 0.065625
82 0.1296875 0.6546875 0.034375 0.0359375
82 0.159375 0.721875 0.0765625 0.0875
82 0.1671875 0.6671875 0.0609375 0.0484375
82 0.228125 0.7109375 0.075 0.075
82 0.3734375 0.6890625 0.046875 0.0765625
82 0.421875 0.6859375 0.0578125 0.065625
82 0.4578125 0.8109375 0.1046875 0.1046875
82 0.4984375 0.70625 0.040625 0.05
82 0.55 0.70625 0.0390625 0.046875
82 0.6015625 0.8015625 0.109375 0.121875
82 0.653125 0.6828125 0.053125 0.0765625
82 0.725 0.6921875 0.059375 0.0765625
82 0.8125 0.809375 0.18125 0.13125
82 0.7671875 0.6703125 0.0359375 0.0421875
82 0.815625 0.684375 0.0515625 0.071875
82 0.8875 0.6875 0.0515625 0.0796875
82 0.9515625 0.8046875 0.0953125 0.140625
82 0.96875 0.68125 0.0625 0.0671875
