86 0.05625 0.6359375 0.1109375 0.196875
86 0.11875 0.496875 0.05 0.0765625
86 0.23125 0.625 0.1765625 0.209375
86 0.2625 0.50625 0.03125 0.065625
86 0.3078125 0.64375 0.103125 0.178125
86 0.3140625 0.5265625 0.06875 0.071875
86 0.3046875 0.4359375 0.034375 0.01875
86 0.428125 0.65 0.1796875 0.1625
86 0.390625 0.5296875 0.0875 0.0671875
86 0.3796875 0.48125 0.0421875 0.0265625
86 0.4609375 0.5109375 0.034375 0.0609375
86 0.56875 0.5265625 0.0375 0.0765625
86 0.6515625 0.653125 0.1828125 0.1625
86 0.825 0.49375 0.04375 0.0640625
86 0.90625 0.6609375 0.1859375 0.14375
