86 0.45625 0.6390625 0.1578125 0.1828125
86 0.0734375 0.7265625 0.146875 0.2109375
86 0.06875 0.584375 0.0515625 0.05625
86 0.0796875 0.6171875 0.0703125 0.0703125
86 0.196875 0.5890625 0.0546875 0.178125
86 0.2546875 0.6125 0.11875 0.2109375
86 0.296875 0.6359375 0.1640625 0.2296875
86 0.409375 0.484375 0.146875 0.046875
86 0.40625 0.41875 0.025 0.025
86 0.4265625 0.5046875 0.046875 0.0265625
86 0.490625 0.48125 0.11875 0.06875
86 0.49375 0.5203125 0.0609375 0.0328125
86 0.5796875 0.55 0.153125 0.134375
86 0.703125 0.49375 0.1234375 0.0953125
86 0.8265625 0.484375 0.153125 0.06875
