86 0.215625 0.7328125 0.228125 0.196875
86 0.303125 0.6703125 0.1828125 0.2046875
86 0.4203125 0.784375 0.1953125 0.09375
86 0.3828125 0.5125 0.065625 0.1046875
86 0.446875 0.50625 0.0640625 0.1046875
86 0.490625 0.55 0.0875 0.14375
86 0.5453125 0.64375 0.121875 0.2046875
86 0.6 0.721875 0.1609375 0.2203125
86 0.575 0.56875 0.0625 0.1390625
86 0.6203125 0.5328125 0.03125 0.13125
86 0.6796875 0.503125 0.0921875 0.10625
86 0.73125 0.5828125 0.115625 0.175
86 0.7703125 0.6265625 0.1390625 0.2
86 0.84375 0.559375 0.1125 0.13125
86 0.9484375 0.621875 0.1015625 0.171875
