86 0.7765625 0.71875 0.153125 0.190625
86 0.0828125 0.721875 0.1640625 0.221875
86 0.190625 0.540625 0.38125 0.184375
86 0.221875 0.734375 0.1609375 0.196875
86 0.34375 0.6578125 0.1046875 0.2046875
86 0.409375 0.66875 0.2140625 0.1921875
86 0.3921875 0.75 0.1609375 0.165625
86 0.421875 0.5859375 0.0734375 0.15625
86 0.50625 0.6359375 0.0890625 0.2390625
86 0.5046875 0.484375 0.05625 0.1125
86 0.578125 0.6359375 0.15625 0.2296875
86 0.5265625 0.509375 0.0421875 0.046875
86 0.60625 0.7734375 0.19375 0.1203125
86 0.71875 0.6546875 0.128125 0.24375
86 0.8734375 0.8 0.209375 0.065625
86 0.8625 0.6515625 0.1171875 0.20625
86 0.865625 0.525 0.05625 0.0875
86 0.93125 0.7296875 0.1375 0.2078125
86 0.921875 0.5515625 0.0765625 0.071875
86 0.9546875 0.53125 0.0703125 0.0828125
86 0.9734375 0.509375 0.053125 0.078125
86 0.9734375 0.5953125 0.0515625 0.06875
