85 0.0828125 0.271875 0.165625 0.29375
85 0.1921875 0.73125 0.384375 0.275
85 0.2484375 0.815625 0.2609375 0.11875
85 0.4890625 0.6953125 0.5296875 0.346875
85 0.275 0.640625 0.0859375 0.1125
85 0.275 0.5671875 0.075 0.0453125
85 0.3390625 0.3109375 0.0890625 0.196875
85 0.3578125 0.584375 0.1015625 0.0671875
85 0.3625 0.684375 0.096875 0.178125
85 0.44375 0.3046875 0.1578125 0.2171875
85 0.4625 0.7265625 0.115625 0.203125
85 0.4765625 0.609375 0.1390625 0.075
85 0.6265625 0.2390625 0.3125 0.228125
85 0.6015625 0.64375 0.1453125 0.071875
85 0.590625 0.7671875 0.1140625 0.215625
