86 0.4953125 0.725 0.275 0.3
86 0.1640625 0.30625 0.03125 0.03125
86 0.2875 0.7328125 0.1796875 0.2828125
86 0.334375 0.271875 0.0375 0.0484375
86 0.3765625 0.209375 0.0515625 0.075
86 0.3765625 0.3078125 0.046875 0.021875
86 0.51875 0.3359375 0.0953125 0.1703125
86 0.5078125 0.2296875 0.0625 0.046875
86 0.6921875 0.61875 0.2375 0.38125
86 0.771875 0.2984375 0.0609375 0.06875
86 0.8984375 0.7140625 0.2015625 0.3203125
86 0.8625 0.4546875 0.059375 0.240625
86 0.9015625 0.3640625 0.084375 0.0875
86 0.9515625 0.6328125 0.09375 0.140625
