85 0.165625 0.4296875 0.19375 0.440625
85 0.4359375 0.653125 0.609375 0.3265625
85 0.390625 0.3234375 0.275 0.1390625
85 0.2796875 0.31875 0.0515625 0.1453125
85 0.390625 0.4734375 0.271875 0.0578125
85 0.5140625 0.528125 0.5125 0.2046875
85 0.4875 0.3359375 0.0734375 0.1171875
85 0.6265625 0.3390625 0.2265625 0.115625
85 0.6515625 0.365625 0.271875 0.2078125
85 0.5453125 0.425 0.05 0.071875
85 0.646875 0.534375 0.2296875 0.1625
85 0.7578125 0.378125 0.078125 0.2125
85 0.8890625 0.4640625 0.2140625 0.4375
85 0.89375 0.2828125 0.2109375 0.0921875
