85 0.7953125 0.4875 0.196875 0.125
85 0.053125 0.346875 0.0921875 0.2
85 0.125 0.3015625 0.096875 0.0421875
85 0.1359375 0.390625 0.1078125 0.0359375
85 0.1359375 0.3484375 0.109375 0.0484375
85 0.1078125 0.4234375 0.034375 0.028125
85 0.140625 0.4234375 0.0359375 0.03125
85 0.175 0.4234375 0.0296875 0.0359375
85 0.2140625 0.3578125 0.0546875 0.1671875
85 0.28125 0.321875 0.0609375 0.090625
85 0.325 0.4734375 0.0875 0.178125
85 0.3375 0.328125 0.05 0.071875
85 0.3796875 0.3375 0.0375 0.0609375
85 0.403125 0.4375 0.0640625 0.125
85 0.4109375 0.3390625 0.053125 0.0578125
85 0.484375 0.3625 0.025 0.078125
85 0.5125 0.359375 0.0453125 0.0640625
85 0.575 0.3734375 0.09375 0.115625
85 0.7578125 0.5078125 0.065625 0.084375
85 0.825 0.3484375 0.1734375 0.1421875
85 0.8171875 0.5421875 0.065625 0.03125
85 0.825 0.509375 0.0828125 0.025
85 0.8375 0.4859375 0.0984375 0.0140625
