86 0.046875 0.603125 0.09375 0.175
86 0.1453125 0.578125 0.1046875 0.1703125
86 0.1875 0.51875 0.1046875 0.090625
86 0.321875 0.5640625 0.1140625 0.165625
86 0.5390625 0.571875 0.184375 0.1171875
86 0.5734375 0.6359375 0.2546875 0.2078125
86 0.5140625 0.49375 0.0609375 0.04375
86 0.5578125 0.4890625 0.040625 0.0359375
86 0.5890625 0.4859375 0.040625 0.0453125
86 0.6171875 0.484375 0.0453125 0.040625
86 0.7484375 0.709375 0.2953125 0.25
86 0.8734375 0.728125 0.25 0.3296875
86 0.896875 0.5296875 0.13125 0.0515625
86 0.9171875 0.5640625 0.1609375 0.0953125
86 0.9265625 0.5078125 0.0890625 0.0515625
