88 0.1078125 0.5015625 0.215625 0.7453125
88 0.3328125 0.521875 0.221875 0.703125
88 0.5828125 0.36875 0.25 0.1125
88 0.5875 0.25625 0.25 0.1203125
88 0.6390625 0.8015625 0.2703125 0.1453125
88 0.64375 0.71875 0.265625 0.209375
88 0.75625 0.36875 0.1046875 0.0921875
88 0.759375 0.28125 0.1046875 0.0984375
88 0.821875 0.6578125 0.0984375 0.140625
88 0.825 0.7546875 0.1 0.1328125
88 0.85 0.284375 0.08125 0.0734375
88 0.853125 0.3640625 0.0734375 0.0828125
88 0.9296875 0.7109375 0.1375 0.0953125
88 0.9328125 0.6265625 0.1328125 0.103125
