88 0.125 0.4078125 0.25 0.1421875
88 0.1265625 0.575 0.253125 0.196875
88 0.134375 0.225 0.2671875 0.2
88 0.134375 0.7546875 0.2171875 0.1828125
88 0.1484375 0.85625 0.2046875 0.034375
88 0.496875 0.6265625 0.3359375 0.23125
88 0.496875 0.3125 0.321875 0.1734375
88 0.4984375 0.4734375 0.3234375 0.1578125
88 0.5 0.790625 0.3234375 0.165625
88 0.5015625 0.178125 0.328125 0.10625
88 0.684375 0.7125 0.071875 0.1234375
88 0.690625 0.3734375 0.078125 0.2125
88 0.696875 0.5671875 0.075 0.16875
88 0.79375 0.7109375 0.1484375 0.1375
88 0.79375 0.33125 0.140625 0.16875
88 0.80625 0.53125 0.1625 0.2203125
88 0.9859375 0.646875 0.0265625 0.1546875
88 0.990625 0.48125 0.0171875 0.1671875
88 0.990625 0.31875 0.015625 0.171875
88 0.9921875 0.8 0.0140625 0.146875
