86 0.56875 0.709375 0.209375 0.2234375
86 0.0703125 0.6671875 0.140625 0.15
86 0.3703125 0.5171875 0.740625 0.1109375
86 0.1328125 0.68125 0.175 0.1765625
86 0.2140625 0.7 0.15625 0.184375
86 0.3078125 0.71875 0.175 0.20625
86 0.334375 0.5703125 0.0671875 0.0359375
86 0.4125 0.7296875 0.15625 0.20625
86 0.428125 0.56875 0.0359375 0.0484375
86 0.484375 0.575 0.0828125 0.0515625
86 0.6046875 0.5734375 0.0625 0.0515625
86 0.721875 0.7453125 0.2015625 0.171875
86 0.671875 0.5828125 0.084375 0.071875
