86 0.034375 0.4828125 0.06875 0.04375
86 0.1546875 0.6359375 0.221875 0.25
86 0.3421875 0.684375 0.35 0.2
86 0.23125 0.44375 0.09375 0.059375
86 0.371875 0.459375 0.0921875 0.090625
86 0.465625 0.4484375 0.228125 0.121875
86 0.525 0.6625 0.2859375 0.24375
86 0.471875 0.515625 0.1609375 0.1125
86 0.540625 0.496875 0.071875 0.09375
86 0.778125 0.6125 0.19375 0.2609375
86 0.79375 0.46875 0.1953125 0.140625
86 0.9484375 0.5046875 0.0859375 0.1453125
86 0.96875 0.5609375 0.0609375 0.14375
86 0.975 0.4578125 0.046875 0.0625
