88 0.253125 0.5078125 0.1515625 0.0671875
88 0.225 0.3640625 0.046875 0.078125
88 0.2296875 0.2640625 0.0546875 0.03125
88 0.23125 0.409375 0.0515625 0.0328125
88 0.23125 0.3046875 0.053125 0.0484375
88 0.2796875 0.3046875 0.05 0.05
88 0.2796875 0.409375 0.05 0.0265625
88 0.28125 0.2640625 0.05 0.0296875
88 0.28125 0.3640625 0.0453125 0.071875
88 0.409375 0.359375 0.065625 0.034375
88 0.4171875 0.4640625 0.078125 0.1203125
88 0.415625 0.553125 0.0703125 0.0703125
88 0.4203125 0.390625 0.0734375 0.0296875
88 0.4109375 0.328125 0.05 0.0171875
88 0.5328125 0.35625 0.075 0.0375
88 0.5359375 0.3921875 0.0765625 0.0328125
88 0.5390625 0.3296875 0.0765625 0.021875
88 0.6984375 0.2671875 0.1 0.034375
88 0.7015625 0.3078125 0.1046875 0.046875
88 0.7046875 0.3765625 0.1046875 0.0921875
