82 0.7859375 0.671875 0.078125 0.1359375
82 0.7875 0.65 0.0734375 0.115625
82 0.79375 0.63125 0.0765625 0.0875
82 0.8 0.634375 0.06875 0.109375
82 0.8359375 0.746875 0.128125 0.1296875
82 0.81875 0.7125 0.084375 0.1203125
82 0.8546875 0.7515625 0.1453125 0.1203125
82 0.81875 0.6265625 0.0640625 0.109375
82 0.8375 0.60625 0.059375 0.0890625
82 0.8515625 0.6 0.06875 0.0921875
82 0.8734375 0.5953125 0.05625 0.0796875
82 0.8625 0.7015625 0.034375 0.0546875
82 0.9 0.5890625 0.040625 0.0859375
82 0.934375 0.5796875 0.053125 0.0765625
82 0.9578125 0.5734375 0.05 0.0671875
82 0.9765625 0.778125 0.0453125 0.0703125
82 0.9765625 0.571875 0.04375 0.0703125
82 0.9890625 0.56875 0.0203125 0.065625
