88 0.278125 0.24375 0.14375 0.0734375
88 0.278125 0.303125 0.14375 0.0515625
88 0.28125 0.3828125 0.1421875 0.0421875
88 0.2828125 0.3421875 0.1421875 0.0375
88 0.2875 0.4125 0.14375 0.05625
88 0.3546875 0.3421875 0.03125 0.0578125
88 0.3625 0.146875 0.0390625 0.0703125
88 0.3578125 0.2484375 0.0265625 0.0578125
88 0.3578125 0.2953125 0.0203125 0.0546875
88 0.35625 0.3859375 0.0140625 0.05625
88 0.3640625 0.196875 0.0265625 0.0515625
88 0.721875 0.290625 0.0859375 0.0375
88 0.725 0.25 0.090625 0.0421875
88 0.73125 0.2171875 0.10625 0.0375
