86 0.48125 0.66875 0.078125 0.078125
86 0.5015625 0.51875 0.075 0.06875
86 0.5859375 0.5640625 0.046875 0.04375
86 0.584375 0.5421875 0.021875 0.0453125
86 0.6140625 0.540625 0.0375 0.0515625
86 0.7125 0.5859375 0.040625 0.053125
86 0.7171875 0.553125 0.025 0.0671875
86 0.790625 0.6859375 0.1140625 0.175
86 0.7765625 0.603125 0.06875 0.059375
86 0.79375 0.575 0.040625 0.0625
86 0.8640625 0.6125 0.046875 0.065625
86 0.8765625 0.6640625 0.0546875 0.0890625
86 0.93125 0.7078125 0.075 0.0703125
86 0.946875 0.7921875 0.084375 0.0953125
86 0.9390625 0.6515625 0.053125 0.0703125
86 0.984375 0.6328125 0.028125 0.05
