86 0.028125 0.7796875 0.0546875 0.1875
86 0.0703125 0.8265625 0.13125 0.0953125
86 0.0796875 0.6875 0.0734375 0.078125
86 0.1015625 0.784375 0.10625 0.175
86 0.1125 0.6421875 0.0734375 0.046875
86 0.121875 0.615625 0.053125 0.03125
86 0.15 0.7171875 0.0765625 0.134375
86 0.1734375 0.6203125 0.0640625 0.0328125
86 0.2109375 0.8328125 0.140625 0.0828125
86 0.1859375 0.6453125 0.0703125 0.04375
86 0.228125 0.7265625 0.078125 0.1453125
86 0.2359375 0.621875 0.0640625 0.0328125
86 0.25625 0.6703125 0.0734375 0.09375
86 0.3 0.63125 0.06875 0.046875
86 0.328125 0.7921875 0.128125 0.1625
86 0.3734375 0.8453125 0.165625 0.05625
86 0.334375 0.6734375 0.0859375 0.08125
86 0.378125 0.665625 0.0921875 0.1125
86 0.459375 0.8 0.1390625 0.1484375
86 0.4796875 0.740625 0.11875 0.1453125
86 0.5234375 0.6609375 0.0921875 0.059375
86 0.58125 0.8578125 0.159375 0.03125
86 0.59375 0.74375 0.1171875 0.1484375
86 0.60625 0.80625 0.13125 0.1375
86 0.6125 0.634375 0.0875 0.0546875
86 0.6265625 0.684375 0.090625 0.1
86 0.6609375 0.6328125 0.021875 0.0375
86 0.7609375 0.715625 0.0640625 0.1515625
86 0.7953125 0.653125 0.0890625 0.0828125
86 0.8546875 0.70625 0.1296875 0.1234375
86 0.9265625 0.63125 0.053125 0.0328125
86 0.9578125 0.709375 0.0828125 0.11875
86 0.9828125 0.6390625 0.03125 0.0359375
