88 0.05 0.140625 0.1 0.0296875
88 0.0578125 0.1875 0.115625 0.075
88 0.178125 0.184375 0.15 0.078125
88 0.1734375 0.140625 0.1296875 0.0296875
88 0.2671875 0.2390625 0.0515625 0.059375
88 0.296875 0.1375 0.0953125 0.025
88 0.2734375 0.1796875 0.0375 0.06875
88 0.3171875 0.3203125 0.0671875 0.0875
88 0.31875 0.190625 0.0640625 0.0875
88 0.3203125 0.259375 0.0625 0.0953125
88 0.38125 0.196875 0.0875 0.0953125
88 0.38125 0.1453125 0.078125 0.0390625
88 0.3875 0.340625 0.0765625 0.0921875
88 0.3890625 0.2828125 0.0734375 0.10625
88 0.46875 0.203125 0.1 0.10625
88 0.471875 0.1484375 0.1015625 0.046875
88 0.4671875 0.2921875 0.0828125 0.0890625
88 0.675 0.2140625 0.20625 0.1703125
88 0.690625 0.1375 0.203125 0.0234375
88 0.66875 0.3453125 0.075 0.1421875
88 0.890625 0.615625 0.21875 0.2734375
88 0.9 0.2578125 0.1984375 0.2375
88 0.9015625 0.1421875 0.1953125 0.0328125
88 0.909375 0.4375 0.1796875 0.2359375
