86 0.01875 0.540625 0.0359375 0.1875
86 0.03125 0.5046875 0.0609375 0.1578125
86 0.121875 0.6546875 0.20625 0.3234375
86 0.053125 0.5515625 0.06875 0.0984375
86 0.203125 0.553125 0.1125 0.221875
86 0.1671875 0.4140625 0.025 0.0265625
86 0.1921875 0.45 0.0625 0.071875
86 0.24375 0.6046875 0.153125 0.2796875
86 0.2421875 0.4234375 0.01875 0.0484375
86 0.3015625 0.45 0.075 0.04375
86 0.3296875 0.4765625 0.06875 0.0671875
86 0.3296875 0.4359375 0.046875 0.0265625
86 0.384375 0.65 0.1390625 0.1890625
86 0.4484375 0.5453125 0.0859375 0.2078125
86 0.45 0.4171875 0.040625 0.0265625
86 0.46875 0.425 0.028125 0.028125
86 0.5515625 0.6578125 0.1890625 0.3171875
86 0.46875 0.43125 0.021875 0.015625
86 0.5625 0.5875 0.1328125 0.2453125
86 0.5359375 0.415625 0.0328125 0.0203125
86 0.5828125 0.5421875 0.090625 0.2015625
86 0.6171875 0.428125 0.0484375 0.046875
86 0.69375 0.6015625 0.09375 0.284375
86 0.7796875 0.659375 0.1765625 0.3140625
