86 0.0640625 0.6140625 0.1203125 0.153125
86 0.1109375 0.65625 0.14375 0.2046875
86 0.0984375 0.5375 0.028125 0.0359375
86 0.2484375 0.6546875 0.1515625 0.20625
86 0.2125 0.5421875 0.053125 0.01875
86 0.290625 0.6859375 0.175 0.234375
86 0.2375 0.51875 0.028125 0.034375
86 0.2796875 0.54375 0.0625 0.034375
86 0.2953125 0.5265625 0.021875 0.0328125
86 0.378125 0.5921875 0.1 0.121875
86 0.4125 0.571875 0.0703125 0.096875
86 0.453125 0.625 0.1015625 0.16875
86 0.6046875 0.6453125 0.128125 0.1734375
86 0.703125 0.5921875 0.0890625 0.103125
86 0.8625 0.784375 0.271875 0.178125
