88 0.0484375 0.5671875 0.0390625 0.103125
88 0.0484375 0.4015625 0.040625 0.0875
88 0.0453125 0.6421875 0.028125 0.046875
88 0.0515625 0.3203125 0.034375 0.096875
88 0.053125 0.48125 0.034375 0.0953125
88 0.0765625 0.3875 0.0390625 0.1109375
88 0.08125 0.6390625 0.034375 0.040625
88 0.0859375 0.2984375 0.0421875 0.0953125
88 0.0875 0.4890625 0.0390625 0.1
88 0.0875 0.5859375 0.0359375 0.121875
88 0.75625 0.496875 0.0359375 0.0328125
88 0.7578125 0.4625 0.0375 0.0328125
88 0.75625 0.39375 0.0296875 0.0375
88 0.7609375 0.428125 0.0328125 0.0421875
88 0.8171875 0.4421875 0.04375 0.15
