86 0.028125 0.7453125 0.0546875 0.14375
86 0.0296875 0.5890625 0.059375 0.1375
86 0.0453125 0.775 0.090625 0.13125
86 0.090625 0.640625 0.1453125 0.1484375
86 0.0765625 0.559375 0.0703125 0.078125
86 0.0890625 0.503125 0.04375 0.0484375
86 0.171875 0.7703125 0.1828125 0.2078125
86 0.1234375 0.50625 0.0390625 0.03125
86 0.253125 0.6328125 0.090625 0.1640625
86 0.2921875 0.55625 0.1015625 0.0421875
86 0.3734375 0.7640625 0.215625 0.2203125
86 0.6421875 0.46875 0.7140625 0.046875
86 0.3578125 0.6453125 0.13125 0.159375
86 0.33125 0.54375 0.059375 0.0703125
86 0.3921875 0.596875 0.0984375 0.121875
86 0.490625 0.7515625 0.203125 0.24375
86 0.51875 0.5859375 0.1046875 0.1203125
86 0.515625 0.55625 0.084375 0.1078125
86 0.55 0.571875 0.0875 0.1125
86 0.64375 0.6 0.115625 0.1359375
86 0.6703125 0.55 0.0703125 0.1015625
86 0.75625 0.675 0.1625 0.2
86 0.7125 0.54375 0.05 0.0703125
86 0.796875 0.703125 0.16875 0.2203125
86 0.7578125 0.5171875 0.053125 0.00625
86 0.7703125 0.5578125 0.0734375 0.06875
86 0.803125 0.6046875 0.0734375 0.096875
86 0.88125 0.665625 0.1328125 0.115625
86 0.9296875 0.7890625 0.1375 0.171875
86 0.909375 0.5890625 0.0765625 0.0453125
86 0.9484375 0.4953125 0.0265625 0.0140625
86 0.95 0.48125 0.025 0.025
86 0.95625 0.4734375 0.025 0.0109375
86 0.971875 0.55625 0.0546875 0.08125
86 0.9921875 0.5015625 0.0140625 0.0234375
