83 0.2515625 0.709375 0.503125 0.275
83 0.04375 0.515625 0.0875 0.0234375
83 0.115625 0.49375 0.065625 0.01875
83 0.3 0.4734375 0.053125 0.015625
83 0.34375 0.459375 0.04375 0.015625
83 0.4359375 0.546875 0.2296875 0.084375
83 0.4625 0.4890625 0.0796875 0.015625
83 0.4515625 0.4515625 0.0515625 0.0109375
83 0.4859375 0.478125 0.0609375 0.0140625
83 0.5234375 0.4671875 0.059375 0.0125
83 0.5265625 0.44375 0.028125 0.009375
83 0.528125 0.4578125 0.0296875 0.0109375
83 0.79375 0.5015625 0.0875 0.0265625
83 0.875 0.553125 0.2484375 0.075
83 0.7875 0.4734375 0.065625 0.0140625
83 0.775 0.4671875 0.0265625 0.009375
83 0.9296875 0.665625 0.1390625 0.140625
83 0.9015625 0.4578125 0.0625 0.015625
83 0.965625 0.4703125 0.0578125 0.0203125
