88 0.0625 0.6328125 0.125 0.1546875
88 0.2421875 0.425 0.4828125 0.10625
88 0.2453125 0.5171875 0.490625 0.1328125
88 0.2796875 0.7484375 0.559375 0.1640625
88 0.3734375 0.790625 0.5703125 0.084375
88 0.1984375 0.6265625 0.16875 0.175
88 0.365625 0.60625 0.228125 0.15
88 0.5703125 0.6265625 0.2109375 0.121875
88 0.571875 0.5234375 0.2078125 0.09375
88 0.7171875 0.453125 0.4875 0.0765625
88 0.615625 0.70625 0.115625 0.109375
88 0.721875 0.78125 0.146875 0.103125
88 0.7828125 0.5453125 0.265625 0.0875
88 0.715625 0.61875 0.1234375 0.0828125
88 0.7203125 0.6921875 0.1015625 0.0890625
88 0.83125 0.7015625 0.2046875 0.1015625
88 0.875 0.75625 0.196875 0.10625
88 0.8515625 0.615625 0.1296875 0.0859375
88 0.8953125 0.803125 0.203125 0.0609375
88 0.9390625 0.58125 0.0640625 0.1203125
88 0.9703125 0.540625 0.053125 0.0671875
88 0.9765625 0.6125 0.0421875 0.071875
88 0.9765625 0.678125 0.04375 0.071875
88 0.984375 0.734375 0.0296875 0.059375
