88 0.025 0.384375 0.05 0.0578125
88 0.128125 0.4046875 0.034375 0.0375
88 0.1484375 0.5625 0.0296875 0.053125
88 0.184375 0.56875 0.034375 0.0453125
88 0.265625 0.3890625 0.15625 0.0359375
88 0.2265625 0.565625 0.0390625 0.0515625
88 0.3203125 0.5703125 0.0359375 0.0484375
88 0.3296875 0.671875 0.0328125 0.0484375
88 0.3296875 0.6109375 0.01875 0.040625
88 0.35625 0.5671875 0.034375 0.046875
88 0.3609375 0.65625 0.0359375 0.040625
88 0.3625 0.615625 0.0421875 0.04375
88 0.446875 0.4015625 0.0953125 0.0703125
88 0.45 0.4703125 0.0921875 0.078125
88 0.453125 0.5453125 0.09375 0.0703125
88 0.4578125 0.33125 0.0890625 0.08125
88 0.603125 0.428125 0.2171875 0.1578125
88 0.55 0.54375 0.1 0.0640625
88 0.609375 0.3171875 0.20625 0.1
88 0.6453125 0.5515625 0.078125 0.071875
