85 0.484375 0.4921875 0.86875 0.715625
85 0.1953125 0.584375 0.3890625 0.1109375
85 0.1859375 0.1921875 0.3703125 0.1140625
85 0.18125 0.7703125 0.0671875 0.121875
85 0.1921875 0.375 0.0625 0.109375
85 0.31875 0.7578125 0.03125 0.1046875
85 0.31875 0.3671875 0.0328125 0.10625
85 0.3859375 0.7734375 0.1078125 0.1265625
85 0.403125 0.3828125 0.10625 0.1296875
85 0.478125 0.8046875 0.08125 0.14375
85 0.48125 0.4203125 0.0625 0.1390625
85 0.5328125 0.5875 0.0421875 0.1
85 0.534375 0.371875 0.0375 0.09375
85 0.5359375 0.20625 0.0421875 0.1078125
85 0.590625 0.7484375 0.1421875 0.115625
85 0.6015625 0.3796875 0.1390625 0.121875
85 0.7421875 0.7625 0.1734375 0.13125
85 0.75625 0.403125 0.1734375 0.128125
85 0.790625 0.1984375 0.13125 0.121875
85 0.8671875 0.784375 0.0734375 0.1078125
85 0.91875 0.4234375 0.1609375 0.1265625
85 0.921875 0.6265625 0.15625 0.028125
85 0.9375 0.7828125 0.0734375 0.0859375
