88 0.1953125 0.4046875 0.046875 0.0625
88 0.2 0.5015625 0.0484375 0.046875
88 0.1984375 0.3015625 0.04375 0.05625
88 0.1984375 0.45625 0.0453125 0.0609375
88 0.2 0.5546875 0.046875 0.0578125
88 0.2 0.3484375 0.040625 0.059375
88 0.2625 0.2828125 0.0953125 0.0796875
88 0.2625 0.334375 0.096875 0.0671875
88 0.234375 0.453125 0.0328125 0.053125
88 0.2625 0.390625 0.090625 0.0640625
88 0.2296875 0.5515625 0.0203125 0.053125
88 0.234375 0.5046875 0.0234375 0.0453125
88 0.3625 0.31875 0.1234375 0.0796875
88 0.35625 0.2609375 0.1015625 0.0859375
88 0.7640625 0.215625 0.340625 0.18125
88 0.871875 0.3765625 0.1203125 0.1765625
88 0.9234375 0.6546875 0.15 0.2359375
88 0.925 0.8078125 0.1453125 0.13125
