86 0.059375 0.4421875 0.1171875 0.0859375
86 0.0703125 0.390625 0.0703125 0.04375
86 0.115625 0.3984375 0.04375 0.053125
86 0.221875 0.4015625 0.0453125 0.08125
86 0.278125 0.4078125 0.0734375 0.08125
86 0.3546875 0.4171875 0.1390625 0.0625
86 0.4640625 0.4140625 0.0765625 0.0765625
86 0.5328125 0.4 0.0546875 0.0703125
86 0.54375 0.4046875 0.0734375 0.065625
86 0.65 0.4296875 0.1390625 0.0765625
86 0.6359375 0.3859375 0.028125 0.0265625
86 0.659375 0.3890625 0.0421875 0.025
86 0.728125 0.3859375 0.05 0.021875
86 0.7953125 0.4328125 0.09375 0.0859375
86 0.853125 0.3953125 0.06875 0.025
86 0.959375 0.5 0.0796875 0.125
86 0.9765625 0.425 0.04375 0.046875
86 0.978125 0.403125 0.040625 0.021875
