86 0.58125 0.7609375 0.16875 0.225
86 0.0796875 0.4875 0.0109375 0.0125
86 0.15625 0.590625 0.0609375 0.0828125
86 0.2328125 0.7875 0.1859375 0.171875
86 0.2484375 0.5109375 0.0296875 0.009375
86 0.3078125 0.4828125 0.015625 0.0171875
86 0.3625 0.571875 0.05625 0.0703125
86 0.3828125 0.528125 0.04375 0.0765625
86 0.409375 0.528125 0.028125 0.075
86 0.45625 0.5609375 0.0734375 0.1
86 0.4859375 0.5015625 0.034375 0.025
86 0.528125 0.55625 0.040625 0.0828125
86 0.6078125 0.4875 0.01875 0.0296875
86 0.69375 0.5203125 0.04375 0.059375
86 0.7234375 0.5 0.034375 0.0296875
86 0.86875 0.6984375 0.153125 0.2109375
86 0.9078125 0.540625 0.0265625 0.040625
86 0.99375 0.5421875 0.0109375 0.0375
