86 0.0734375 0.609375 0.146875 0.3140625
86 0.096875 0.321875 0.071875 0.0984375
86 0.0953125 0.2515625 0.0234375 0.040625
86 0.271875 0.684375 0.3453125 0.3796875
86 0.271875 0.2921875 0.0984375 0.1453125
86 0.3984375 0.3265625 0.09375 0.10625
86 0.3671875 0.2578125 0.0109375 0.0453125
86 0.521875 0.20625 0.115625 0.1125
86 0.690625 0.2359375 0.0703125 0.1015625
86 0.7453125 0.225 0.059375 0.1015625
86 0.809375 0.234375 0.08125 0.08125
86 0.8234375 0.2125 0.0625 0.09375
86 0.88125 0.2421875 0.1046875 0.0703125
86 0.9265625 0.209375 0.0453125 0.075
86 0.9453125 0.190625 0.05 0.0328125
