86 0.209375 0.5875 0.13125 0.2421875
86 0.0390625 0.678125 0.078125 0.2203125
86 0.0859375 0.5984375 0.171875 0.2625
86 0.3203125 0.55625 0.13125 0.2046875
86 0.378125 0.5359375 0.109375 0.1640625
86 0.465625 0.525 0.103125 0.15625
86 0.5109375 0.5203125 0.09375 0.1296875
86 0.559375 0.5078125 0.0828125 0.125
86 0.6453125 0.5015625 0.0734375 0.1171875
86 0.696875 0.4953125 0.065625 0.1078125
86 0.7515625 0.496875 0.0734375 0.1140625
86 0.8171875 0.4984375 0.078125 0.1234375
86 0.9046875 0.5 0.090625 0.128125
86 0.975 0.5 0.046875 0.1359375
