88 0.1703125 0.36875 0.090625 0.1703125
88 0.1765625 0.20625 0.1015625 0.1625
88 0.1796875 0.525 0.1078125 0.1671875
88 0.1796875 0.6828125 0.1078125 0.1765625
88 0.190625 0.8296875 0.13125 0.1625
88 0.3234375 0.4859375 0.1328125 0.078125
88 0.325 0.70625 0.1375 0.0609375
88 0.334375 0.615625 0.134375 0.1
88 0.328125 0.28125 0.1203125 0.1140625
88 0.3296875 0.43125 0.121875 0.0546875
88 0.3234375 0.3609375 0.1046875 0.0625
88 0.3359375 0.7578125 0.1296875 0.078125
88 0.325 0.5625 0.10625 0.0640625
88 0.409375 0.465625 0.03125 0.1515625
88 0.45625 0.459375 0.0734375 0.14375
88 0.515625 0.4609375 0.0453125 0.1828125
88 0.55 0.4734375 0.06875 0.2703125
88 0.6390625 0.478125 0.1515625 0.378125
88 0.775 0.5125 0.2 0.6875
