86 0.10625 0.6984375 0.18125 0.2578125
86 0.0859375 0.5703125 0.171875 0.140625
86 0.1796875 0.4203125 0.0125 0.034375
86 0.3203125 0.7359375 0.2875 0.1875
86 0.3234375 0.440625 0.0609375 0.0953125
86 0.396875 0.44375 0.05625 0.103125
86 0.48125 0.45625 0.0703125 0.109375
86 0.521875 0.465625 0.09375 0.1125
86 0.56875 0.4890625 0.1125 0.1390625
86 0.6125 0.540625 0.1203125 0.2140625
86 0.7671875 0.721875 0.359375 0.215625
86 0.7640625 0.553125 0.1375 0.1953125
86 0.728125 0.4375 0.04375 0.071875
86 0.825 0.621875 0.2140625 0.24375
