86 0.0828125 0.7015625 0.140625 0.225
86 0.2 0.7515625 0.1828125 0.1640625
86 0.3 0.5671875 0.0703125 0.05
86 0.340625 0.6921875 0.1484375 0.234375
86 0.384375 0.7359375 0.20625 0.1953125
86 0.353125 0.5609375 0.034375 0.0390625
86 0.4234375 0.553125 0.040625 0.0484375
86 0.5015625 0.725 0.196875 0.215625
86 0.4640625 0.6140625 0.05625 0.125
86 0.46875 0.565625 0.0515625 0.078125
86 0.5046875 0.5390625 0.0421875 0.0296875
86 0.5328125 0.6125 0.090625 0.1328125
86 0.575 0.7140625 0.16875 0.2390625
86 0.5578125 0.58125 0.0328125 0.075
86 0.6359375 0.7078125 0.1578125 0.2515625
86 0.6765625 0.6796875 0.1140625 0.2046875
86 0.690625 0.5390625 0.0203125 0.04375
86 0.734375 0.640625 0.10625 0.16875
86 0.7625 0.6265625 0.121875 0.159375
86 0.7453125 0.5359375 0.0328125 0.05
86 0.79375 0.5921875 0.109375 0.103125
86 0.759375 0.5203125 0.0109375 0.025
86 0.834375 0.534375 0.0171875 0.021875
