80 0.0234375 0.6734375 0.0453125 0.084375
80 0.084375 0.58125 0.1671875 0.06875
80 0.0890625 0.6375 0.178125 0.0921875
80 0.1046875 0.75 0.2078125 0.1640625
80 0.225 0.7390625 0.3125 0.1875
80 0.2 0.6125 0.184375 0.071875
80 0.2328125 0.55625 0.1796875 0.0515625
80 0.3359375 0.715625 0.2875 0.1875
80 0.2890625 0.5953125 0.165625 0.08125
80 0.3609375 0.571875 0.159375 0.084375
80 0.4546875 0.6640625 0.265625 0.171875
80 0.6359375 0.76875 0.5578125 0.128125
80 0.4390625 0.5578125 0.1453125 0.0609375
80 0.5203125 0.6296875 0.271875 0.15
80 0.4828125 0.5390625 0.1578125 0.0546875
80 0.5921875 0.6078125 0.225 0.1125
80 0.59375 0.521875 0.1578125 0.0625
80 0.6421875 0.5875 0.221875 0.1125
80 0.7859375 0.74375 0.421875 0.178125
80 0.69375 0.5671875 0.190625 0.0984375
80 0.696875 0.5015625 0.1328125 0.0375
80 0.7328125 0.5546875 0.1875 0.08125
80 0.7421875 0.5390625 0.1953125 0.078125
80 0.828125 0.6828125 0.3140625 0.1234375
80 0.859375 0.634375 0.2703125 0.09375
80 0.846875 0.5234375 0.1796875 0.05625
80 0.89375 0.6015625 0.2109375 0.084375
80 0.9171875 0.5796875 0.1640625 0.0625
80 0.93125 0.546875 0.128125 0.0515625
