88 0.10625 0.7578125 0.1296875 0.1515625
88 0.3109375 0.725 0.528125 0.2078125
88 0.2 0.7265625 0.296875 0.19375
88 0.2609375 0.278125 0.4109375 0.221875
88 0.31875 0.309375 0.51875 0.284375
88 0.321875 0.5421875 0.5203125 0.2453125
88 0.665625 0.7375 0.1203125 0.1828125
88 0.6703125 0.540625 0.1109375 0.2109375
88 0.6734375 0.3390625 0.084375 0.203125
88 0.68125 0.209375 0.0921875 0.0828125
88 0.8125 0.6625 0.3375 0.140625
88 0.8171875 0.421875 0.3328125 0.096875
88 0.81875 0.76875 0.315625 0.1296875
88 0.821875 0.5328125 0.29375 0.121875
88 0.8375 0.315625 0.2921875 0.0640625
