86 0.4921875 0.634375 0.15 0.234375
86 0.109375 0.690625 0.2140625 0.2671875
86 0.1921875 0.4265625 0.0140625 0.0265625
86 0.278125 0.7046875 0.175 0.253125
86 0.2109375 0.4296875 0.025 0.0265625
86 0.2859375 0.4375 0.065625 0.0328125
86 0.3546875 0.440625 0.05625 0.0671875
86 0.39375 0.45625 0.0640625 0.0265625
86 0.396875 0.4359375 0.03125 0.0171875
86 0.4484375 0.4578125 0.0484375 0.040625
86 0.5078125 0.478125 0.0234375 0.0421875
86 0.5203125 0.403125 0.0265625 0.021875
86 0.53125 0.4015625 0.009375 0.025
86 0.5734375 0.5921875 0.075 0.20625
86 0.6328125 0.4859375 0.0765625 0.1171875
86 0.65 0.46875 0.0546875 0.071875
86 0.8359375 0.65625 0.3265625 0.3546875
86 0.728125 0.4390625 0.040625 0.078125
86 0.7578125 0.4359375 0.0265625 0.071875
86 0.8328125 0.4890625 0.1328125 0.146875
86 0.9578125 0.496875 0.084375 0.0875
