86 0.4296875 0.403125 0.859375 0.1640625
86 0.06875 0.475 0.0640625 0.090625
86 0.184375 0.48125 0.0734375 0.1046875
86 0.2234375 0.484375 0.065625 0.1046875
86 0.2671875 0.490625 0.0875 0.1125
86 0.390625 0.4859375 0.128125 0.071875
86 0.4015625 0.4609375 0.0265625 0.034375
86 0.49375 0.534375 0.13125 0.1328125
86 0.6375 0.609375 0.159375 0.209375
86 0.7 0.6296875 0.209375 0.2078125
86 0.6265625 0.46875 0.025 0.04375
86 0.6828125 0.478125 0.034375 0.046875
86 0.7953125 0.6796875 0.2484375 0.209375
86 0.8 0.7609375 0.13125 0.0359375
86 0.7875 0.478125 0.0734375 0.0984375
86 0.84375 0.4484375 0.0640625 0.078125
86 0.878125 0.4484375 0.1171875 0.071875
86 0.85625 0.4 0.0265625 0.0234375
86 0.8734375 0.5234375 0.05625 0.078125
86 0.8875 0.378125 0.034375 0.028125
86 0.896875 0.40625 0.05 0.03125
86 0.8875 0.340625 0.028125 0.040625
86 0.9234375 0.3796875 0.04375 0.0328125
86 0.9296875 0.365625 0.0421875 0.01875
86 0.93125 0.3265625 0.03125 0.0203125
86 0.9375 0.34375 0.03125 0.0359375
86 0.96875 0.521875 0.0609375 0.05
86 0.9625 0.4046875 0.0203125 0.0171875
86 0.9859375 0.4828125 0.0265625 0.065625
86 0.9875 0.3609375 0.0234375 0.015625
