88 0.08125 0.5890625 0.1609375 0.075
88 0.0828125 0.3328125 0.165625 0.071875
88 0.0828125 0.3921875 0.165625 0.0609375
88 0.084375 0.2609375 0.16875 0.0796875
88 0.0875 0.4578125 0.1734375 0.0828125
88 0.0875 0.51875 0.175 0.05625
88 0.0984375 0.6359375 0.1203125 0.0671875
88 0.234375 0.56875 0.1390625 0.0828125
88 0.2453125 0.3375 0.1625 0.0609375
88 0.253125 0.3859375 0.165625 0.075
88 0.2453125 0.45 0.1484375 0.046875
88 0.253125 0.2703125 0.15625 0.071875
88 0.2140625 0.6125 0.071875 0.071875
88 0.2515625 0.5046875 0.1453125 0.0609375
88 0.4 0.4890625 0.1640625 0.0453125
88 0.3890625 0.4375 0.1375 0.053125
88 0.396875 0.2734375 0.1421875 0.05
88 0.4015625 0.3328125 0.1359375 0.0515625
88 0.4015625 0.3890625 0.1296875 0.0609375
88 0.403125 0.540625 0.134375 0.0453125
88 0.4953125 0.38125 0.071875 0.0484375
88 0.5 0.265625 0.0671875 0.0515625
88 0.5015625 0.4484375 0.0640625 0.08125
88 0.5015625 0.325 0.0609375 0.053125
88 0.503125 0.5515625 0.059375 0.053125
88 0.5015625 0.484375 0.0390625 0.075
88 0.5640625 0.490625 0.071875 0.059375
88 0.565625 0.5546875 0.065625 0.053125
88 0.56875 0.415625 0.065625 0.0640625
88 0.5703125 0.6 0.059375 0.0390625
88 0.6421875 0.50625 0.0828125 0.0859375
88 0.6515625 0.56875 0.09375 0.0640625
88 0.653125 0.440625 0.090625 0.0703125
88 0.75 0.578125 0.1265625 0.075
88 0.7421875 0.5015625 0.10625 0.0765625
88 0.7578125 0.3515625 0.125 0.078125
88 0.7609375 0.425 0.109375 0.0796875
88 0.7640625 0.2765625 0.096875 0.065625
88 0.875 0.6828125 0.15625 0.1015625
88 0.890625 0.5375 0.1484375 0.0984375
88 0.8890625 0.609375 0.1375 0.090625
88 0.9015625 0.45 0.159375 0.0953125
88 0.9125 0.3640625 0.1734375 0.0828125
88 0.915625 0.2859375 0.15 0.0859375
