86 0.0765625 0.5421875 0.04375 0.06875
86 0.1859375 0.528125 0.025 0.0484375
86 0.21875 0.525 0.0296875 0.0578125
86 0.2359375 0.5390625 0.0140625 0.0515625
86 0.28125 0.540625 0.025 0.059375
86 0.3078125 0.5390625 0.034375 0.065625
86 0.34375 0.5453125 0.0328125 0.0625
86 0.3921875 0.5484375 0.0171875 0.0578125
86 0.44375 0.55 0.03125 0.053125
86 0.475 0.55 0.0140625 0.05625
86 0.525 0.5421875 0.025 0.0671875
86 0.6984375 0.6578125 0.103125 0.16875
86 0.753125 0.66875 0.109375 0.0796875
86 0.80625 0.66875 0.0375 0.0375
