82 0.05 0.7984375 0.0984375 0.0671875
82 0.1765625 0.7921875 0.121875 0.0796875
82 0.2328125 0.653125 0.0515625 0.0546875
82 0.31875 0.7671875 0.125 0.1296875
82 0.2953125 0.684375 0.0515625 0.08125
82 0.321875 0.7140625 0.059375 0.084375
82 0.35625 0.678125 0.046875 0.0515625
82 0.4 0.7328125 0.09375 0.121875
82 0.409375 0.6265625 0.0828125 0.04375
82 0.3953125 0.6546875 0.025 0.028125
82 0.5 0.74375 0.0765625 0.125
82 0.5640625 0.628125 0.0390625 0.0359375
82 0.609375 0.715625 0.0921875 0.1171875
82 0.6359375 0.734375 0.0765625 0.0953125
82 0.6640625 0.621875 0.0203125 0.0234375
82 0.6984375 0.678125 0.046875 0.059375
82 0.7515625 0.803125 0.10625 0.059375
82 0.76875 0.665625 0.06875 0.0484375
82 0.759375 0.6515625 0.034375 0.0359375
82 0.959375 0.8125 0.0796875 0.040625
