88 0.396875 0.3953125 0.3328125 0.0953125
88 0.3984375 0.5296875 0.325 0.1921875
88 0.4046875 0.309375 0.321875 0.1046875
88 0.4046875 0.2296875 0.30625 0.1
88 0.4171875 0.1265625 0.3125 0.103125
88 0.6671875 0.309375 0.2296875 0.09375
88 0.6703125 0.21875 0.234375 0.1
88 0.675 0.1265625 0.234375 0.09375
88 0.6859375 0.6640625 0.1390625 0.0703125
88 0.6875 0.5859375 0.1421875 0.0859375
88 0.703125 0.5 0.121875 0.0875
88 0.709375 0.40625 0.125 0.115625
88 0.8140625 0.6828125 0.096875 0.125
88 0.8203125 0.4890625 0.090625 0.0890625
88 0.8203125 0.221875 0.0875 0.1109375
88 0.8203125 0.571875 0.0875 0.0890625
88 0.825 0.4046875 0.0796875 0.0984375
88 0.828125 0.3140625 0.071875 0.09375
