86 0.0296875 0.7375 0.059375 0.271875
86 0.1484375 0.7 0.296875 0.3484375
86 0.2375 0.403125 0.1 0.0796875
86 0.4296875 0.515625 0.125 0.1796875
86 0.403125 0.375 0.05625 0.0359375
86 0.553125 0.521875 0.175 0.21875
86 0.5515625 0.384375 0.0375 0.0796875
86 0.6015625 0.4296875 0.0859375 0.16875
86 0.6 0.3875 0.0546875 0.090625
86 0.6359375 0.3640625 0.0328125 0.028125
86 0.721875 0.4796875 0.1828125 0.2203125
86 0.7828125 0.453125 0.1609375 0.2046875
86 0.846875 0.4390625 0.1484375 0.1796875
86 0.9921875 0.4703125 0.0125 0.1171875
