86 0.2078125 0.4296875 0.0984375 0.1375
86 0.221875 0.4375 0.0984375 0.146875
86 0.2484375 0.4421875 0.1125 0.15
86 0.215625 0.33125 0.015625 0.0203125
86 0.2625 0.4546875 0.096875 0.1609375
86 0.2265625 0.3328125 0.01875 0.0265625
86 0.2828125 0.4625 0.11875 0.1703125
86 0.3109375 0.4703125 0.115625 0.171875
86 0.5828125 0.56875 0.234375 0.24375
86 0.571875 0.54375 0.1203125 0.2109375
86 0.6703125 0.6171875 0.2078125 0.3046875
86 0.796875 0.5046875 0.1375 0.196875
86 0.8609375 0.540625 0.1828125 0.19375
86 0.9171875 0.5375 0.1640625 0.2390625
86 0.9484375 0.771875 0.1015625 0.121875
86 0.95625 0.6140625 0.0859375 0.153125
86 0.9453125 0.334375 0.0265625 0.028125
86 0.9390625 0.3484375 0.0109375 0.021875
86 0.959375 0.3828125 0.034375 0.040625
