88 0.0796875 0.5125 0.0421875 0.08125
88 0.08125 0.5921875 0.0375 0.1015625
88 0.1 0.4375 0.0625 0.078125
88 0.096875 0.675 0.05 0.0921875
88 0.1203125 0.74375 0.06875 0.08125
88 0.11875 0.503125 0.0484375 0.0671875
88 0.11875 0.578125 0.0453125 0.0859375
88 0.128125 0.653125 0.0625 0.0984375
88 0.1328125 0.359375 0.06875 0.071875
88 0.1421875 0.43125 0.0765625 0.0875
88 0.15625 0.721875 0.0671875 0.084375
88 0.1640625 0.4984375 0.06875 0.090625
88 0.16875 0.3578125 0.071875 0.071875
88 0.1640625 0.8046875 0.0578125 0.05625
88 0.1703125 0.5625 0.0515625 0.06875
88 0.1828125 0.4234375 0.0703125 0.071875
88 0.196875 0.7890625 0.090625 0.0828125
88 0.196875 0.2875 0.084375 0.065625
88 0.20625 0.353125 0.071875 0.0671875
88 0.225 0.2890625 0.0875 0.06875
88 0.225 0.55625 0.065625 0.071875
88 0.225 0.8265625 0.05625 0.0140625
88 0.2265625 0.484375 0.059375 0.06875
88 0.2359375 0.628125 0.06875 0.0765625
88 0.25 0.6953125 0.0765625 0.078125
88 0.2546875 0.290625 0.084375 0.065625
88 0.2921875 0.2203125 0.096875 0.05
88 0.2796875 0.7578125 0.065625 0.0734375
88 0.3015625 0.2265625 0.1015625 0.0546875
88 0.2890625 0.478125 0.075 0.078125
88 0.2921875 0.5484375 0.065625 0.078125
88 0.3 0.621875 0.0734375 0.084375
88 0.321875 0.228125 0.09375 0.05625
88 0.3140625 0.696875 0.0640625 0.046875
88 0.3171875 0.8078125 0.0671875 0.0515625
88 0.3328125 0.7484375 0.0828125 0.0734375
88 0.34375 0.225 0.0765625 0.0546875
88 0.35625 0.478125 0.0703125 0.0625
88 0.35625 0.5484375 0.071875 0.078125
88 0.3640625 0.609375 0.078125 0.075
88 0.34375 0.8046875 0.034375 0.053125
88 0.371875 0.23125 0.078125 0.0515625
88 0.384375 0.19375 0.0203125 0.0109375
88 0.4078125 0.2265625 0.065625 0.0515625
88 0.4296875 0.665625 0.0765625 0.0703125
88 0.4296875 0.5375 0.06875 0.0640625
88 0.428125 0.4734375 0.065625 0.0703125
88 0.4296875 0.5984375 0.0640625 0.0703125
88 0.4140625 0.1875 0.0265625 0.01875
88 0.4421875 0.2328125 0.0578125 0.053125
88 0.4359375 0.1875 0.0203125 0.021875
88 0.4578125 0.1875 0.0234375 0.0265625
88 0.4953125 0.6 0.078125 0.0703125
88 0.496875 0.5390625 0.0765625 0.071875
88 0.4921875 0.228125 0.0609375 0.0578125
88 0.4984375 0.46875 0.0703125 0.0625
88 0.4984375 0.665625 0.071875 0.065625
88 0.4890625 0.1859375 0.034375 0.0234375
88 0.5046875 0.725 0.04375 0.040625
88 0.51875 0.1875 0.0265625 0.034375
88 0.540625 0.23125 0.053125 0.05625
88 0.5546875 0.7359375 0.05625 0.06875
88 0.5703125 0.2328125 0.0859375 0.059375
88 0.5421875 0.19375 0.0234375 0.028125
88 0.5609375 0.66875 0.0609375 0.0671875
88 0.5703125 0.4703125 0.0734375 0.065625
88 0.5734375 0.540625 0.0703125 0.06875
88 0.5703125 0.603125 0.0609375 0.0671875
88 0.56875 0.1921875 0.0203125 0.0203125
88 0.6078125 0.2328125 0.075 0.053125
88 0.584375 0.1921875 0.028125 0.0125
88 0.6078125 0.740625 0.05 0.078125
88 0.625 0.675 0.065625 0.0671875
88 0.6375 0.2296875 0.0859375 0.0578125
88 0.6375 0.603125 0.08125 0.0703125
88 0.6359375 0.4734375 0.0734375 0.071875
88 0.6390625 0.546875 0.0765625 0.065625
88 0.6390625 0.796875 0.06875 0.05
88 0.6609375 0.2328125 0.1046875 0.05625
88 0.6671875 0.746875 0.0703125 0.075
88 0.6734375 0.80625 0.0734375 0.053125
88 0.6828125 0.6859375 0.071875 0.0796875
88 0.6984375 0.6140625 0.0765625 0.078125
88 0.703125 0.759375 0.0765625 0.0765625
88 0.7078125 0.48125 0.078125 0.06875
88 0.7046875 0.553125 0.065625 0.078125
88 0.7125 0.8203125 0.0609375 0.0265625
88 0.7328125 0.290625 0.084375 0.0640625
88 0.7515625 0.7765625 0.0828125 0.0828125
88 0.7546875 0.625 0.065625 0.075
88 0.765625 0.4875 0.06875 0.0828125
88 0.76875 0.553125 0.0640625 0.078125
88 0.775 0.3578125 0.071875 0.0703125
88 0.7875 0.7078125 0.0828125 0.084375
88 0.8015625 0.6421875 0.071875 0.084375
88 0.80625 0.428125 0.065625 0.08125
88 0.8078125 0.3640625 0.05625 0.0578125
88 0.81875 0.4953125 0.0578125 0.0875
88 0.8203125 0.5671875 0.053125 0.0765625
88 0.834375 0.4296875 0.0375 0.0765625
88 0.8390625 0.653125 0.0421875 0.078125
88 0.853125 0.503125 0.0265625 0.0765625
88 0.853125 0.5765625 0.0171875 0.084375
