86 0.109375 0.5546875 0.1921875 0.30625
86 0.046875 0.18125 0.0734375 0.0546875
86 0.15625 0.1484375 0.053125 0.03125
86 0.2296875 0.5703125 0.140625 0.265625
86 0.2265625 0.23125 0.065625 0.075
86 0.2734375 0.2609375 0.0359375 0.053125
86 0.365625 0.659375 0.20625 0.3265625
86 0.39375 0.584375 0.190625 0.3015625
86 0.3515625 0.33125 0.078125 0.1484375
86 0.3328125 0.234375 0.0265625 0.03125
86 0.446875 0.340625 0.1046875 0.184375
86 0.590625 0.74375 0.2328125 0.259375
86 0.5875 0.359375 0.125 0.153125
86 0.5515625 0.171875 0.0328125 0.03125
86 0.590625 0.1625 0.0375 0.0390625
86 0.659375 0.353125 0.1171875 0.1015625
86 0.66875 0.20625 0.0625 0.0546875
86 0.721875 0.20625 0.0546875 0.0703125
86 0.7515625 0.309375 0.0890625 0.1125
86 0.825 0.365625 0.13125 0.1265625
86 0.834375 0.31875 0.1 0.11875
86 0.8734375 0.378125 0.153125 0.115625
86 0.85 0.215625 0.03125 0.0828125
86 0.865625 0.215625 0.059375 0.096875
86 0.93125 0.278125 0.06875 0.0890625
86 0.928125 0.221875 0.046875 0.0296875
86 0.9640625 0.334375 0.06875 0.1546875
