86 0.303125 0.7359375 0.365625 0.2625
86 0.0609375 0.525 0.0640625 0.0890625
86 0.171875 0.48125 0.08125 0.071875
86 0.215625 0.5046875 0.096875 0.059375
86 0.2765625 0.471875 0.06875 0.053125
86 0.4140625 0.50625 0.103125 0.0703125
86 0.409375 0.465625 0.071875 0.034375
86 0.5578125 0.5046875 0.1015625 0.0734375
86 0.6625 0.73125 0.2984375 0.2859375
86 0.5859375 0.4765625 0.065625 0.0671875
86 0.7 0.46875 0.0546875 0.05625
86 0.7625 0.50625 0.1109375 0.0765625
86 0.8015625 0.459375 0.0703125 0.0421875
