85 0.0921875 0.3109375 0.1828125 0.3703125
85 0.209375 0.771875 0.3421875 0.1984375
85 0.2625 0.3140625 0.1765625 0.3640625
85 0.403125 0.2453125 0.1125 0.20625
85 0.4609375 0.246875 0.2171875 0.1828125
85 0.51875 0.25625 0.10625 0.1859375
85 0.6 0.3328125 0.1609375 0.31875
85 0.76875 0.7359375 0.3140625 0.2109375
85 0.6875 0.7296875 0.14375 0.2140625
85 0.7296875 0.334375 0.103125 0.296875
85 0.7828125 0.734375 0.0578125 0.209375
85 0.825 0.3375 0.1 0.2859375
85 0.8328125 0.734375 0.0609375 0.2265625
85 0.9015625 0.7484375 0.0859375 0.2140625
85 0.921875 0.3453125 0.0859375 0.3078125
85 0.9734375 0.6859375 0.053125 0.35
85 0.9796875 0.33125 0.0390625 0.359375
