86 0.053125 0.640625 0.10625 0.1171875
86 0.0765625 0.725 0.153125 0.1640625
86 0.0921875 0.81875 0.1828125 0.03125
86 0.0890625 0.5640625 0.05625 0.028125
86 0.1375 0.6359375 0.11875 0.1171875
86 0.196875 0.7390625 0.1890625 0.190625
86 0.1875 0.5578125 0.0453125 0.0453125
86 0.234375 0.653125 0.103125 0.1296875
86 0.35 0.7390625 0.1578125 0.1890625
86 0.3578125 0.646875 0.1203125 0.1203125
86 0.428125 0.578125 0.06875 0.096875
86 0.44375 0.609375 0.0875 0.1140625
86 0.48125 0.5578125 0.046875 0.078125
86 0.55625 0.4953125 0.0328125 0.0453125
86 0.628125 0.5578125 0.0453125 0.08125
86 0.6890625 0.6078125 0.075 0.115625
86 0.778125 0.74375 0.171875 0.1828125
86 0.784375 0.6453125 0.125 0.115625
86 0.7359375 0.5078125 0.0140625 0.034375
86 0.840625 0.528125 0.0296875 0.015625
86 0.878125 0.59375 0.09375 0.078125
86 0.9078125 0.6359375 0.128125 0.0984375
86 0.934375 0.5421875 0.046875 0.0328125
86 0.9453125 0.665625 0.05625 0.0234375
86 0.9765625 0.5953125 0.0453125 0.071875
86 0.98125 0.64375 0.0375 0.021875
