88 0.0828125 0.490625 0.165625 0.0875
88 0.084375 0.303125 0.16875 0.11875
88 0.0921875 0.8078125 0.184375 0.13125
88 0.09375 0.5578125 0.1859375 0.103125
88 0.09375 0.628125 0.1859375 0.115625
88 0.09375 0.7109375 0.1859375 0.125
88 0.10625 0.2625 0.2125 0.046875
88 0.084375 0.396875 0.1609375 0.0984375
88 0.865625 0.725 0.25625 0.0640625
88 0.875 0.5078125 0.246875 0.0765625
88 0.8765625 0.6625 0.2421875 0.0765625
88 0.875 0.5875 0.234375 0.08125
88 0.8796875 0.4421875 0.2375 0.08125
88 0.884375 0.778125 0.23125 0.0625
