88 0.0171875 0.5625 0.034375 0.00625
88 0.09375 0.4546875 0.1875 0.103125
88 0.096875 0.40625 0.19375 0.025
88 0.109375 0.2953125 0.21875 0.0203125
88 0.0484375 0.6234375 0.0640625 0.0046875
88 0.0875 0.5625 0.05 0.00625
88 0.13125 0.6265625 0.0640625 0.015625
88 0.146875 0.565625 0.0515625 0.0140625
88 0.2953125 0.471875 0.234375 0.1484375
88 0.3 0.4328125 0.240625 0.071875
88 0.2796875 0.528125 0.0828125 0.0109375
88 0.425 0.465625 0.0421875 0.14375
88 0.7859375 0.4578125 0.425 0.4609375
