88 0.2265625 0.1453125 0.121875 0.275
88 0.2296875 0.5484375 0.1265625 0.2359375
88 0.2296875 0.328125 0.1265625 0.196875
88 0.234375 0.7234375 0.1359375 0.3078125
88 0.24375 0.85625 0.15625 0.2859375
88 0.2828125 0.925 0.0765625 0.140625
88 0.325 0.246875 0.0671875 0.1546875
88 0.3203125 0.3625 0.053125 0.1296875
88 0.3265625 0.490625 0.065625 0.1328125
88 0.33125 0.6109375 0.0734375 0.159375
88 0.3421875 0.7078125 0.0546875 0.1140625
88 0.35625 0.7953125 0.059375 0.1546875
88 0.375 0.30625 0.04375 0.0875
88 0.365625 0.3921875 0.021875 0.078125
88 0.3828125 0.7078125 0.0484375 0.046875
88 0.378125 0.4765625 0.0203125 0.0703125
88 0.3828125 0.64375 0.0296875 0.0734375
88 0.384375 0.5625 0.0265625 0.071875
88 0.3921875 0.3953125 0.01875 0.0578125
88 0.3953125 0.475 0.0078125 0.05625
88 0.5015625 0.3421875 0.1453125 0.05625
88 0.4984375 0.5203125 0.134375 0.0421875
88 0.4890625 0.565625 0.109375 0.075
88 0.509375 0.4625 0.1484375 0.0609375
88 0.50625 0.4015625 0.1328125 0.0484375
88 0.5109375 0.625 0.1390625 0.053125
88 0.5625 0.475 0.01875 0.334375
88 0.6265625 0.5390625 0.09375 0.5171875
88 0.7453125 0.540625 0.1703125 0.915625
