89 0.1765625 0.378125 0.1015625 0.071875
89 0.1796875 0.5390625 0.1078125 0.0796875
89 0.1796875 0.6359375 0.1078125 0.1
89 0.1828125 0.73125 0.115625 0.0828125
89 0.1890625 0.2234375 0.1265625 0.0890625
89 0.1890625 0.2984375 0.1265625 0.08125
89 0.1921875 0.11875 0.134375 0.165625
89 0.2140625 0.4703125 0.175 0.0875
89 0.4515625 0.59375 0.0640625 0.1046875
89 0.459375 0.6765625 0.078125 0.059375
89 0.4625 0.503125 0.0671875 0.109375
89 0.4703125 0.296875 0.0828125 0.09375
89 0.4609375 0.35 0.0609375 0.0625
89 0.459375 0.4203125 0.05625 0.0765625
89 0.5921875 0.484375 0.1265625 0.1703125
89 0.5984375 0.3359375 0.09375 0.115625
89 0.675 0.4734375 0.0609375 0.103125
89 0.678125 0.340625 0.0484375 0.1046875
89 0.7390625 0.021875 0.071875 0.04375
89 0.79375 0.1515625 0.1625 0.3015625
89 0.7546875 0.084375 0.078125 0.16875
89 0.796875 0.309375 0.1515625 0.284375
89 0.8078125 0.43125 0.13125 0.171875
