88 0.1859375 0.3046875 0.15625 0.165625
88 0.1921875 0.2046875 0.1625 0.075
88 0.234375 0.4625 0.078125 0.153125
88 0.2484375 0.609375 0.0640625 0.14375
88 0.340625 0.296875 0.178125 0.165625
88 0.3484375 0.45625 0.175 0.165625
88 0.3578125 0.7609375 0.1828125 0.14375
88 0.35625 0.6203125 0.16875 0.1640625
88 0.353125 0.1921875 0.15625 0.0484375
88 0.534375 0.1859375 0.225 0.0375
88 0.54375 0.2703125 0.23125 0.20625
88 0.5453125 0.4640625 0.2125 0.1734375
88 0.55 0.65 0.2109375 0.171875
88 0.553125 0.7734375 0.209375 0.1203125
88 0.8296875 0.271875 0.340625 0.20625
88 0.70625 0.6578125 0.0890625 0.1890625
88 0.8296875 0.465625 0.3375 0.209375
88 0.7 0.7875 0.065625 0.0921875
