88 0.0859375 0.396875 0.1703125 0.096875
88 0.0875 0.4859375 0.1734375 0.09375
88 0.0875 0.5625 0.1734375 0.084375
88 0.0890625 0.65 0.1765625 0.0828125
88 0.0890625 0.7296875 0.1765625 0.0921875
88 0.271875 0.56875 0.20625 0.08125
88 0.275 0.640625 0.20625 0.0734375
88 0.2734375 0.4828125 0.2 0.0734375
88 0.2734375 0.3875 0.196875 0.0875
88 0.275 0.7296875 0.1953125 0.0875
88 0.4703125 0.5625 0.19375 0.0796875
88 0.4703125 0.7296875 0.19375 0.090625
88 0.471875 0.4796875 0.1984375 0.075
88 0.471875 0.65 0.1921875 0.0828125
88 0.471875 0.3921875 0.19375 0.1046875
88 0.6625 0.653125 0.203125 0.0734375
88 0.6640625 0.734375 0.2 0.075
88 0.665625 0.3859375 0.196875 0.08125
88 0.665625 0.5265625 0.1875 0.05625
88 0.66875 0.590625 0.19375 0.0609375
88 0.6703125 0.4578125 0.1859375 0.0625
88 0.8671875 0.3796875 0.209375 0.0859375
88 0.8703125 0.4546875 0.215625 0.0609375
88 0.871875 0.521875 0.21875 0.0625
88 0.8734375 0.6546875 0.2203125 0.0765625
88 0.8703125 0.5859375 0.2109375 0.0640625
88 0.878125 0.7375 0.215625 0.071875
