86 0.221875 0.66875 0.2921875 0.33125
86 0.4515625 0.653125 0.246875 0.3296875
86 0.5984375 0.59375 0.184375 0.234375
86 0.55 0.4484375 0.0125 0.0203125
86 0.5609375 0.440625 0.0359375 0.034375
86 0.590625 0.4515625 0.034375 0.0234375
86 0.6765625 0.575 0.178125 0.2125
86 0.7625 0.6703125 0.29375 0.3265625
86 0.853125 0.6515625 0.25 0.30625
86 0.828125 0.51875 0.1171875 0.13125
86 0.8984375 0.4734375 0.0421875 0.0703125
86 0.9578125 0.6390625 0.0828125 0.1203125
86 0.9828125 0.628125 0.03125 0.13125
