88 0.0390625 0.6359375 0.0765625 0.0265625
88 0.0390625 0.584375 0.078125 0.0265625
88 0.0390625 0.6796875 0.078125 0.0421875
88 0.0421875 0.5359375 0.078125 0.0234375
88 0.046875 0.7296875 0.075 0.04375
88 0.0984375 0.5515625 0.0328125 0.028125
88 0.1078125 0.7421875 0.0453125 0.0171875
88 0.103125 0.659375 0.03125 0.009375
88 0.1109375 0.6671875 0.0390625 0.0234375
88 0.1234375 0.6140625 0.0375 0.009375
88 0.1234375 0.553125 0.0125 0.0328125
88 0.1390625 0.5515625 0.028125 0.0359375
88 0.4453125 0.8 0.0390625 0.0375
88 0.490625 0.8546875 0.125 0.0375
88 0.5203125 0.8171875 0.046875 0.06875
88 0.8296875 0.575 0.0359375 0.0109375
88 0.8296875 0.5125 0.0265625 0.0078125
88 0.83125 0.55625 0.03125 0.01875
88 0.8265625 0.5421875 0.0203125 0.00625
88 0.8296875 0.609375 0.0203125 0.0140625
88 0.86875 0.5890625 0.0609375 0.0171875
88 0.86875 0.5578125 0.05625 0.01875
88 0.859375 0.615625 0.0375 0.0109375
88 0.8765625 0.534375 0.059375 0.0125
88 0.9078125 0.6609375 0.034375 0.0234375
88 0.9078125 0.609375 0.0265625 0.003125
88 0.90625 0.6375 0.0234375 0.0140625
88 0.9078125 0.5875 0.025 0.009375
88 0.909375 0.68125 0.01875 0.0078125
