86 0.0765625 0.653125 0.1515625 0.2359375
86 0.140625 0.6703125 0.190625 0.253125
86 0.1609375 0.521875 0.0515625 0.0453125
86 0.325 0.721875 0.228125 0.221875
86 0.2734375 0.675 0.1171875 0.1890625
86 0.246875 0.5203125 0.04375 0.0390625
86 0.3625 0.509375 0.0203125 0.01875
86 0.4859375 0.5890625 0.090625 0.08125
86 0.4609375 0.5078125 0.01875 0.0421875
86 0.5578125 0.746875 0.18125 0.171875
86 0.5015625 0.528125 0.0265625 0.0546875
86 0.6546875 0.521875 0.0515625 0.0390625
86 0.665625 0.5765625 0.0609375 0.0609375
86 0.646875 0.490625 0.0171875 0.0296875
86 0.6640625 0.5359375 0.0453125 0.0421875
86 0.8015625 0.73125 0.15625 0.2046875
86 0.8796875 0.528125 0.034375 0.034375
86 0.8953125 0.490625 0.040625 0.03125
