86 0.021875 0.496875 0.0421875 0.0359375
86 0.0546875 0.5734375 0.1078125 0.13125
86 0.084375 0.8328125 0.16875 0.334375
86 0.1390625 0.6109375 0.1671875 0.1859375
86 0.2109375 0.7953125 0.275 0.365625
86 0.2359375 0.53125 0.0671875 0.06875
86 0.265625 0.5234375 0.0484375 0.065625
86 0.3078125 0.55 0.1015625 0.0953125
86 0.459375 0.79375 0.3046875 0.3875
86 0.3828125 0.5578125 0.14375 0.1015625
86 0.35 0.5375 0.0515625 0.0765625
86 0.4515625 0.5484375 0.121875 0.0859375
86 0.5859375 0.6828125 0.278125 0.1859375
86 0.696875 0.73125 0.215625 0.30625
86 0.690625 0.609375 0.06875 0.1171875
86 0.79375 0.684375 0.203125 0.2671875
86 0.8671875 0.60625 0.1546875 0.1171875
86 0.9125 0.6390625 0.153125 0.2203125
