86 0.140625 0.7328125 0.28125 0.2
86 0.2203125 0.6484375 0.1265625 0.3296875
86 0.3875 0.4578125 0.03125 0.0078125
86 0.55 0.6984375 0.3015625 0.23125
86 0.6765625 0.440625 0.0609375 0.025
86 0.678125 0.4046875 0.0546875 0.0140625
86 0.7578125 0.6875 0.171875 0.2921875
86 0.778125 0.58125 0.19375 0.228125
86 0.715625 0.4015625 0.015625 0.0296875
86 0.790625 0.5421875 0.159375 0.2046875
86 0.7296875 0.4125 0.0265625 0.0203125
86 0.8515625 0.3890625 0.0265625 0.0453125
86 0.86875 0.4640625 0.0359375 0.1046875
86 0.884375 0.4421875 0.0640625 0.1
86 0.9046875 0.415625 0.0546875 0.078125
86 0.978125 0.4546875 0.040625 0.0703125
86 0.9875 0.46875 0.021875 0.0390625
