88 0.025 0.5359375 0.05 0.2046875
88 0.0296875 0.728125 0.0578125 0.196875
88 0.034375 0.8390625 0.0671875 0.071875
88 0.0890625 0.2078125 0.1765625 0.1640625
88 0.09375 0.3390625 0.1875 0.190625
88 0.103125 0.521875 0.2046875 0.1984375
88 0.121875 0.7078125 0.18125 0.1921875
88 0.1390625 0.809375 0.1625 0.13125
88 0.2421875 0.3359375 0.134375 0.1734375
88 0.2484375 0.209375 0.1296875 0.16875
88 0.2484375 0.5078125 0.128125 0.178125
88 0.2703125 0.65625 0.115625 0.15625
88 0.2671875 0.7890625 0.1046875 0.1703125
88 0.3078125 0.853125 0.0546875 0.04375
88 0.3890625 0.4953125 0.1796875 0.1296875
88 0.3921875 0.3546875 0.178125 0.140625
88 0.396875 0.2078125 0.171875 0.1640625
88 0.409375 0.7390625 0.1703125 0.18125
88 0.4140625 0.8078125 0.1796875 0.1328125
88 0.409375 0.609375 0.1609375 0.1546875
88 0.5328125 0.46875 0.115625 0.10625
88 0.534375 0.35625 0.1015625 0.10625
88 0.5375 0.2328125 0.109375 0.15
88 0.5390625 0.571875 0.1015625 0.121875
88 0.540625 0.659375 0.1 0.1296875
88 0.546875 0.8015625 0.10625 0.1421875
88 0.6046875 0.5453125 0.046875 0.0890625
88 0.603125 0.2703125 0.0421875 0.115625
88 0.60625 0.371875 0.046875 0.0765625
88 0.6109375 0.7265625 0.05 0.125
88 0.6109375 0.63125 0.0453125 0.06875
88 0.6125 0.453125 0.046875 0.0875
88 0.64375 0.6171875 0.0390625 0.065625
88 0.6484375 0.375 0.05 0.0765625
88 0.646875 0.5359375 0.040625 0.075
88 0.646875 0.4546875 0.0359375 0.08125
88 0.6484375 0.26875 0.0375 0.1234375
88 0.659375 0.6984375 0.0515625 0.109375
88 0.6703125 0.3765625 0.0328125 0.06875
88 0.6734375 0.59375 0.03125 0.0671875
88 0.675 0.534375 0.0265625 0.0796875
88 0.6765625 0.684375 0.0265625 0.08125
88 0.6828125 0.2859375 0.0375 0.103125
88 0.6828125 0.45 0.034375 0.0671875
