86 0.4890625 0.7515625 0.1171875 0.2484375
86 0.1859375 0.6875 0.0359375 0.0984375
86 0.23125 0.690625 0.109375 0.125
86 0.2578125 0.5875 0.03125 0.025
86 0.29375 0.5921875 0.0359375 0.0234375
86 0.35 0.634375 0.0796875 0.1015625
86 0.346875 0.5640625 0.025 0.0125
86 0.3796875 0.565625 0.025 0.0171875
86 0.409375 0.546875 0.0203125 0.009375
86 0.4375 0.596875 0.0609375 0.08125
86 0.4375 0.5484375 0.0171875 0.0109375
86 0.48125 0.575 0.0453125 0.065625
86 0.5421875 0.6203125 0.0578125 0.021875
86 0.6 0.815625 0.1484375 0.23125
86 0.6 0.58125 0.0421875 0.0203125
86 0.628125 0.628125 0.05625 0.0296875
86 0.63125 0.553125 0.03125 0.01875
86 0.659375 0.58125 0.0484375 0.0203125
86 0.6859375 0.5546875 0.0359375 0.01875
86 0.7421875 0.840625 0.1484375 0.221875
86 0.7296875 0.6421875 0.0734375 0.0296875
86 0.725 0.5859375 0.0484375 0.021875
86 0.734375 0.559375 0.0421875 0.0171875
