85 0.0234375 0.3671875 0.046875 0.1234375
85 0.0328125 0.6421875 0.0640625 0.0671875
85 0.0328125 0.5953125 0.065625 0.05
85 0.034375 0.559375 0.06875 0.03125
85 0.1296875 0.4609375 0.2546875 0.325
85 0.0796875 0.38125 0.075 0.1078125
85 0.096875 0.58125 0.071875 0.046875
85 0.096875 0.6234375 0.06875 0.059375
85 0.1 0.5546875 0.071875 0.025
85 0.1359375 0.39375 0.04375 0.0890625
85 0.165625 0.54375 0.065625 0.0234375
85 0.165625 0.609375 0.065625 0.05
85 0.1671875 0.5703125 0.06875 0.0453125
85 0.16875 0.3984375 0.03125 0.09375
85 0.2234375 0.5625 0.0515625 0.1125
85 0.2265625 0.4828125 0.0484375 0.0578125
85 0.2265625 0.4296875 0.0421875 0.0609375
85 0.234375 0.38125 0.04375 0.05
