88 0.1375 0.55 0.275 0.1375
88 0.1390625 0.2140625 0.2765625 0.090625
88 0.1390625 0.303125 0.278125 0.0875
88 0.140625 0.425 0.28125 0.1453125
88 0.3328125 0.31875 0.125 0.1015625
88 0.33125 0.534375 0.1125 0.10625
88 0.334375 0.4234375 0.1203125 0.134375
88 0.3296875 0.23125 0.103125 0.0859375
88 0.3375 0.6046875 0.109375 0.0671875
88 0.4828125 0.28125 0.196875 0.1421875
88 0.4828125 0.378125 0.196875 0.08125
88 0.4859375 0.5375 0.1953125 0.1046875
88 0.5 0.709375 0.2140625 0.084375
88 0.4890625 0.4515625 0.1890625 0.08125
88 0.4953125 0.625 0.2015625 0.084375
88 0.65 0.3578125 0.159375 0.075
88 0.653125 0.290625 0.1484375 0.075
88 0.6578125 0.44375 0.1484375 0.103125
88 0.659375 0.634375 0.1453125 0.05
88 0.6578125 0.5265625 0.1359375 0.0828125
88 0.6609375 0.5859375 0.1421875 0.065625
88 0.7625 0.371875 0.08125 0.065625
88 0.7609375 0.3125 0.075 0.0578125
88 0.7640625 0.4453125 0.0796875 0.090625
88 0.771875 0.5828125 0.09375 0.078125
88 0.771875 0.5171875 0.084375 0.0609375
88 0.775 0.64375 0.0703125 0.071875
88 0.8953125 0.29375 0.153125 0.10625
88 0.9078125 0.4421875 0.1703125 0.1
88 0.90625 0.5234375 0.165625 0.078125
88 0.9078125 0.3578125 0.1671875 0.10625
88 0.9125 0.684375 0.171875 0.103125
88 0.9125 0.5953125 0.1671875 0.05625
