86 0.0328125 0.7046875 0.065625 0.1265625
86 0.071875 0.6484375 0.14375 0.1515625
86 0.0765625 0.7484375 0.153125 0.1671875
86 0.1203125 0.765625 0.240625 0.134375
86 0.3578125 0.53125 0.715625 0.234375
86 0.20625 0.7953125 0.2796875 0.0734375
86 0.153125 0.665625 0.1625 0.1765625
86 0.2328125 0.684375 0.1734375 0.19375
86 0.3125 0.7171875 0.1953125 0.228125
86 0.409375 0.73125 0.225 0.2015625
86 0.475 0.6578125 0.165625 0.2171875
86 0.540625 0.56875 0.128125 0.121875
86 0.571875 0.6640625 0.18125 0.1921875
86 0.6875 0.784375 0.353125 0.09375
86 0.634375 0.5953125 0.153125 0.159375
86 0.6046875 0.515625 0.078125 0.0796875
86 0.7 0.7015625 0.2140625 0.225
86 0.665625 0.4875 0.1140625 0.09375
86 0.70625 0.4640625 0.05 0.0671875
86 0.753125 0.5515625 0.125 0.128125
86 0.75 0.49375 0.1046875 0.09375
86 0.728125 0.4453125 0.0453125 0.0546875
86 0.7390625 0.4265625 0.0453125 0.046875
86 0.853125 0.7234375 0.2609375 0.21875
86 0.76875 0.4140625 0.0296875 0.0375
86 0.85 0.628125 0.184375 0.178125
86 0.84375 0.55625 0.140625 0.1296875
86 0.8296875 0.4828125 0.1015625 0.109375
86 0.8390625 0.44375 0.08125 0.05625
86 0.84375 0.4234375 0.0546875 0.0453125
86 0.9140625 0.4671875 0.065625 0.071875
86 0.915625 0.440625 0.0640625 0.05625
86 0.9109375 0.4265625 0.0484375 0.053125
86 0.9453125 0.4984375 0.084375 0.08125
86 0.9640625 0.5546875 0.0703125 0.10625
86 0.96875 0.4875 0.0609375 0.015625
86 0.96875 0.803125 0.0609375 0.0578125
86 0.9796875 0.6328125 0.0390625 0.1515625
