86 0.134375 0.6546875 0.1765625 0.3359375
86 0.0515625 0.6734375 0.1015625 0.2375
86 0.28125 0.7015625 0.18125 0.2578125
86 0.3109375 0.575 0.1296875 0.153125
86 0.453125 0.7140625 0.19375 0.2328125
86 0.3875 0.5375 0.028125 0.0578125
86 0.5328125 0.58125 0.0875 0.125
86 0.540625 0.4859375 0.06875 0.0625
86 0.559375 0.5125 0.0609375 0.0703125
86 0.621875 0.7296875 0.1546875 0.2015625
86 0.69375 0.603125 0.046875 0.14375
86 0.725 0.496875 0.03125 0.0484375
86 0.85625 0.74375 0.240625 0.175
86 0.7828125 0.49375 0.0609375 0.0828125
