88 0.0328125 0.6 0.0640625 0.0453125
88 0.034375 0.625 0.0671875 0.0171875
88 0.0453125 0.8375 0.0796875 0.0734375
88 0.0375 0.646875 0.0625 0.04375
88 0.2171875 0.7890625 0.353125 0.1703125
88 0.0546875 0.6875 0.0234375 0.0359375
88 0.115625 0.6015625 0.0875 0.0140625
88 0.109375 0.6265625 0.06875 0.0359375
88 0.203125 0.590625 0.06875 0.0359375
88 0.4671875 0.8515625 0.1296875 0.04375
88 0.584375 0.7875 0.35 0.1734375
88 0.63125 0.6 0.0421875 0.0359375
88 0.8203125 0.8265625 0.35625 0.096875
88 0.828125 0.6609375 0.1234375 0.071875
88 0.85625 0.7078125 0.1390625 0.0578125
88 0.903125 0.615625 0.0875 0.0359375
88 0.9359375 0.6546875 0.040625 0.0453125
88 0.940625 0.7015625 0.0421875 0.05
