88 0.678125 0.18125 0.05 0.159375
88 0.6828125 0.315625 0.0546875 0.140625
88 0.690625 0.5796875 0.0671875 0.134375
88 0.6984375 0.846875 0.065625 0.14375
88 0.6875 0.4453125 0.0421875 0.1375
88 0.6984375 0.6984375 0.0578125 0.1515625
88 0.7203125 0.228125 0.040625 0.153125
88 0.7234375 0.453125 0.0390625 0.11875
88 0.7234375 0.3296875 0.034375 0.1265625
88 0.7359375 0.7875 0.059375 0.14375
88 0.734375 0.571875 0.05 0.1171875
88 0.73125 0.68125 0.03125 0.1234375
88 0.753125 0.3546875 0.040625 0.10625
88 0.746875 0.2515625 0.0234375 0.1171875
88 0.759375 0.6640625 0.05 0.1015625
88 0.765625 0.5546875 0.0484375 0.1046875
88 0.76875 0.4609375 0.046875 0.0984375
88 0.7703125 0.271875 0.04375 0.10625
88 0.775 0.7640625 0.046875 0.1390625
