86 0.046875 0.3046875 0.09375 0.2109375
86 0.0515625 0.671875 0.103125 0.3203125
86 0.05625 0.3609375 0.1109375 0.2296875
86 0.0921875 0.5171875 0.184375 0.4125
86 0.1890625 0.2796875 0.1765625 0.1375
86 0.225 0.3734375 0.215625 0.228125
86 0.2984375 0.44375 0.321875 0.196875
86 0.5203125 0.6796875 0.5828125 0.3046875
86 0.3796875 0.284375 0.1625 0.128125
86 0.4796875 0.3875 0.2046875 0.228125
86 0.553125 0.3 0.14375 0.1171875
86 0.7390625 0.59375 0.4234375 0.4765625
86 0.7046875 0.33125 0.1703125 0.071875
86 0.7171875 0.28125 0.1421875 0.0609375
86 0.8671875 0.2984375 0.121875 0.04375
86 0.903125 0.4578125 0.1515625 0.296875
86 0.9265625 0.5828125 0.1453125 0.41875
86 0.971875 0.684375 0.053125 0.29375
