86 0.4828125 0.5921875 0.1921875 0.2828125
86 0.109375 0.471875 0.08125 0.134375
86 0.1875 0.7234375 0.2375 0.3015625
86 0.2453125 0.5125 0.11875 0.1484375
86 0.321875 0.425 0.084375 0.09375
86 0.39375 0.5609375 0.1625 0.2234375
86 0.3875 0.4375 0.0859375 0.0734375
86 0.478125 0.4203125 0.1046875 0.0921875
86 0.5 0.453125 0.0765625 0.1125
86 0.5953125 0.4859375 0.096875 0.1421875
86 0.615625 0.428125 0.1125 0.0953125
86 0.7296875 0.4421875 0.1109375 0.1015625
86 0.7640625 0.5125 0.1203125 0.146875
86 0.81875 0.484375 0.1375 0.1328125
86 0.88125 0.4609375 0.0921875 0.1125
