88 0.0015625 0.546875 0.0015625 0.0140625
88 0.003125 0.559375 0.0046875 0.0140625
88 0.0046875 0.4015625 0.009375 0.009375
88 0.00625 0.5890625 0.0109375 0.0171875
88 0.00625 0.3921875 0.0109375 0.009375
88 0.015625 0.4296875 0.03125 0.0375
88 0.0078125 0.378125 0.0140625 0.0109375
88 0.0046875 0.5734375 0.00625 0.00625
88 0.01875 0.5375 0.0234375 0.0140625
88 0.015625 0.58125 0.015625 0.0125
88 0.021875 0.5546875 0.021875 0.0125
88 0.0234375 0.3921875 0.0203125 0.009375
88 0.0234375 0.4015625 0.0203125 0.00625
88 0.0265625 0.3796875 0.0203125 0.0109375
88 0.0234375 0.5671875 0.0109375 0.009375
88 0.034375 0.5765625 0.015625 0.0109375
88 0.04375 0.53125 0.028125 0.01875
88 0.0453125 0.615625 0.03125 0.0203125
88 0.0359375 0.5625 0.0078125 0.0109375
88 0.0453125 0.6328125 0.0265625 0.015625
88 0.0484375 0.4234375 0.0296875 0.025
88 0.0421875 0.3828125 0.0140625 0.0109375
88 0.0453125 0.403125 0.01875 0.0125
88 0.04375 0.39375 0.0125 0.0046875
88 0.046875 0.5578125 0.0109375 0.0078125
88 0.0484375 0.571875 0.0140625 0.0125
88 0.0609375 0.3828125 0.0125 0.0109375
88 0.0625 0.5625 0.0140625 0.0140625
88 0.06875 0.553125 0.0265625 0.0109375
88 0.0625 0.403125 0.009375 0.0109375
88 0.065625 0.525 0.015625 0.0125
88 0.071875 0.5890625 0.028125 0.021875
88 0.075 0.6171875 0.03125 0.01875
88 0.0625 0.3953125 0.0046875 0.009375
88 0.078125 0.5984375 0.0234375 0.01875
88 0.0765625 0.55625 0.0109375 0.0125
88 0.078125 0.5703125 0.009375 0.0078125
88 0.0875 0.5203125 0.021875 0.0171875
88 0.090625 0.3828125 0.0203125 0.00625
88 0.0875 0.546875 0.0109375 0.009375
88 0.090625 0.39375 0.0171875 0.009375
88 0.0875 0.5515625 0.0078125 0.0140625
88 0.0890625 0.4015625 0.0125 0.0109375
88 0.1046875 0.425 0.0421875 0.0328125
88 0.09375 0.5703125 0.0125 0.021875
88 0.0984375 0.540625 0.0171875 0.0109375
88 0.0984375 0.5515625 0.009375 0.0125
88 0.103125 0.403125 0.0078125 0.00625
88 0.1171875 0.384375 0.028125 0.0125
88 0.115625 0.3953125 0.021875 0.009375
88 0.1125 0.4046875 0.00625 0.0109375
88 0.1265625 0.528125 0.028125 0.0078125
88 0.1296875 0.540625 0.0328125 0.0125
88 0.13125 0.515625 0.0328125 0.0125
88 0.128125 0.5625 0.0265625 0.0140625
88 0.1296875 0.571875 0.028125 0.0140625
88 0.134375 0.55 0.0375 0.0078125
88 0.1265625 0.4046875 0.009375 0.0078125
88 0.1453125 0.3828125 0.028125 0.0125
88 0.14375 0.4140625 0.0171875 0.00625
88 0.1375 0.4046875 0.0046875 0.00625
88 0.14375 0.425 0.0140625 0.0125
88 0.1453125 0.528125 0.009375 0.0078125
88 0.1484375 0.403125 0.009375 0.0078125
88 0.15625 0.5625 0.021875 0.0078125
88 0.153125 0.5734375 0.015625 0.0125
88 0.159375 0.5359375 0.021875 0.009375
88 0.1640625 0.515625 0.0296875 0.0140625
88 0.1609375 0.528125 0.0140625 0.00625
88 0.1671875 0.5515625 0.0265625 0.0109375
88 0.165625 0.4234375 0.01875 0.015625
88 0.1671875 0.4046875 0.0203125 0.009375
88 0.165625 0.4125 0.015625 0.009375
88 0.16875 0.3828125 0.0140625 0.00625
88 0.175 0.575 0.0203125 0.0078125
88 0.1765625 0.5625 0.01875 0.0109375
88 0.175 0.5390625 0.0109375 0.0078125
88 0.1765625 0.5296875 0.009375 0.009375
88 0.2 0.540625 0.0359375 0.0078125
88 0.2 0.53125 0.0328125 0.0109375
88 0.2015625 0.515625 0.0359375 0.0125
88 0.1984375 0.5515625 0.0265625 0.0109375
88 0.1984375 0.5734375 0.021875 0.00625
88 0.2 0.559375 0.01875 0.009375
88 0.2265625 0.5515625 0.040625 0.009375
88 0.215625 0.5609375 0.0109375 0.0109375
88 0.2203125 0.5734375 0.0171875 0.00625
88 0.2296875 0.540625 0.028125 0.0109375
88 0.23125 0.5171875 0.0328125 0.0140625
88 0.225 0.53125 0.015625 0.0078125
88 0.234375 0.5609375 0.0171875 0.0125
88 0.234375 0.4109375 0.01875 0.0109375
88 0.2359375 0.384375 0.0171875 0.0125
88 0.2375 0.4015625 0.015625 0.0109375
88 0.240625 0.575 0.01875 0.0140625
88 0.2421875 0.4234375 0.0140625 0.0109375
88 0.2421875 0.528125 0.0125 0.0109375
88 0.2609375 0.3953125 0.03125 0.009375
88 0.2625 0.5515625 0.0328125 0.0109375
88 0.2609375 0.384375 0.0265625 0.0125
88 0.259375 0.4125 0.025 0.0109375
88 0.2625 0.5421875 0.03125 0.009375
88 0.2640625 0.5171875 0.0296875 0.0140625
88 0.25625 0.5734375 0.009375 0.0125
88 0.2578125 0.5625 0.0125 0.009375
88 0.2578125 0.5296875 0.015625 0.009375
88 0.2609375 0.403125 0.0203125 0.00625
88 0.2734375 0.5640625 0.0140625 0.0125
88 0.2734375 0.5734375 0.0109375 0.0078125
88 0.2765625 0.53125 0.0140625 0.009375
88 0.2859375 0.384375 0.0265625 0.009375
88 0.2859375 0.4125 0.0203125 0.00625
88 0.2890625 0.403125 0.0234375 0.0125
88 0.290625 0.540625 0.028125 0.009375
88 0.2890625 0.5515625 0.0234375 0.009375
88 0.290625 0.3953125 0.025 0.009375
88 0.2890625 0.5296875 0.01875 0.009375
88 0.2890625 0.5625 0.015625 0.009375
88 0.290625 0.5171875 0.01875 0.0125
88 0.29375 0.5734375 0.015625 0.0109375
88 0.3015625 0.4234375 0.0078125 0.009375
88 0.30625 0.43125 0.009375 0.0078125
88 0.315625 0.4125 0.0234375 0.00625
88 0.3171875 0.39375 0.0265625 0.0140625
88 0.3171875 0.4046875 0.0234375 0.009375
88 0.31875 0.3828125 0.0265625 0.0109375
88 0.321875 0.425 0.028125 0.0078125
88 0.321875 0.4328125 0.0171875 0.0078125
88 0.3421875 0.3921875 0.025 0.009375
88 0.34375 0.38125 0.03125 0.009375
88 0.34375 0.4125 0.021875 0.0109375
88 0.35 0.403125 0.0296875 0.0078125
88 0.3671875 0.51875 0.0171875 0.0109375
88 0.3734375 0.4125 0.021875 0.0109375
88 0.3765625 0.384375 0.0265625 0.0078125
88 0.3765625 0.39375 0.025 0.009375
88 0.3796875 0.4046875 0.0265625 0.009375
88 0.3921875 0.515625 0.025 0.0125
88 0.403125 0.39375 0.034375 0.0140625
88 0.403125 0.40625 0.0296875 0.009375
88 0.4015625 0.421875 0.021875 0.009375
88 0.4046875 0.38125 0.025 0.009375
88 0.425 0.571875 0.034375 0.0140625
88 0.4203125 0.5140625 0.0203125 0.0109375
88 0.4203125 0.421875 0.01875 0.0109375
88 0.4296875 0.5640625 0.025 0.0140625
88 0.4328125 0.38125 0.03125 0.009375
88 0.434375 0.4046875 0.0265625 0.0109375
88 0.434375 0.3953125 0.0203125 0.009375
88 0.434375 0.5171875 0.0140625 0.0125
88 0.4390625 0.421875 0.015625 0.0109375
88 0.44375 0.4328125 0.0140625 0.0109375
88 0.45 0.5171875 0.0109375 0.0078125
88 0.4609375 0.5625 0.034375 0.00625
88 0.45625 0.4140625 0.0203125 0.0109375
88 0.4578125 0.40625 0.021875 0.0078125
88 0.45625 0.38125 0.0171875 0.00625
88 0.45625 0.39375 0.0171875 0.0109375
88 0.45625 0.5484375 0.0140625 0.0109375
88 0.459375 0.5734375 0.01875 0.009375
88 0.4578125 0.4234375 0.015625 0.0078125
88 0.4609375 0.434375 0.0140625 0.0109375
88 0.4625 0.515625 0.0109375 0.0078125
88 0.4703125 0.5421875 0.015625 0.00625
88 0.465625 0.5328125 0.0046875 0.0125
88 0.4703125 0.5515625 0.0078125 0.00625
88 0.4859375 0.571875 0.025 0.0109375
88 0.484375 0.540625 0.0171875 0.0078125
88 0.4859375 0.553125 0.009375 0.0125
88 0.4921875 0.5609375 0.021875 0.009375
88 0.5 0.5390625 0.0140625 0.0140625
88 0.5046875 0.5515625 0.0140625 0.0109375
88 0.5328125 0.5609375 0.0546875 0.0125
88 0.51875 0.540625 0.015625 0.0109375
88 0.5203125 0.5734375 0.015625 0.00625
88 0.5234375 0.3921875 0.0140625 0.0078125
88 0.5265625 0.3828125 0.0203125 0.0109375
88 0.5265625 0.415625 0.0140625 0.009375
88 0.5296875 0.4375 0.021875 0.00625
88 0.5265625 0.4046875 0.0125 0.009375
88 0.528125 0.425 0.015625 0.0109375
88 0.534375 0.5390625 0.009375 0.0078125
88 0.5390625 0.571875 0.0109375 0.0125
88 0.546875 0.39375 0.021875 0.009375
88 0.559375 0.5546875 0.0421875 0.0125
88 0.5453125 0.384375 0.0125 0.0109375
88 0.5515625 0.4234375 0.0265625 0.0109375
88 0.54375 0.403125 0.009375 0.00625
88 0.55 0.4125 0.0140625 0.009375
88 0.553125 0.4359375 0.021875 0.0109375
88 0.553125 0.540625 0.01875 0.0109375
88 0.5609375 0.571875 0.03125 0.0109375
88 0.559375 0.4015625 0.0171875 0.009375
88 0.5640625 0.3859375 0.0171875 0.0125
88 0.5625 0.39375 0.0109375 0.009375
88 0.5640625 0.4140625 0.0078125 0.009375
88 0.56875 0.540625 0.00625 0.009375
88 0.575 0.3953125 0.0109375 0.00625
88 0.596875 0.5546875 0.0546875 0.0109375
88 0.578125 0.434375 0.015625 0.015625
88 0.5796875 0.425 0.01875 0.0046875
88 0.5828125 0.3828125 0.0234375 0.0109375
88 0.5828125 0.4046875 0.0234375 0.0125
88 0.5828125 0.4171875 0.01875 0.00625
88 0.590625 0.5390625 0.0328125 0.009375
88 0.5984375 0.575 0.0375 0.0125
88 0.5984375 0.5640625 0.0296875 0.0109375
88 0.5890625 0.39375 0.0078125 0.0078125
88 0.609375 0.3828125 0.028125 0.0125
88 0.6078125 0.4078125 0.0171875 0.009375
88 0.6078125 0.396875 0.01875 0.0109375
88 0.6109375 0.425 0.01875 0.0078125
88 0.6078125 0.434375 0.009375 0.009375
88 0.609375 0.4109375 0.0125 0.009375
88 0.615625 0.540625 0.0109375 0.0109375
88 0.615625 0.55 0.00625 0.009375
88 0.621875 0.4328125 0.0125 0.0125
88 0.634375 0.5625 0.0328125 0.0125
88 0.6359375 0.5765625 0.034375 0.0125
88 0.625 0.4234375 0.0078125 0.0109375
88 0.6390625 0.40625 0.03125 0.00625
88 0.628125 0.4125 0.00625 0.0125
88 0.6390625 0.3859375 0.028125 0.0140625
88 0.6390625 0.396875 0.0234375 0.0078125
88 0.6390625 0.4328125 0.00625 0.0078125
88 0.6390625 0.421875 0.0078125 0.0125
88 0.671875 0.4046875 0.040625 0.00625
88 0.6703125 0.3953125 0.0296875 0.0125
88 0.6609375 0.4140625 0.0078125 0.009375
88 0.6703125 0.3828125 0.0265625 0.009375
88 0.68125 0.4140625 0.028125 0.0125
88 0.6828125 0.4265625 0.0234375 0.0109375
88 0.68125 0.4375 0.0203125 0.0078125
88 0.6953125 0.3953125 0.0296875 0.0078125
88 0.6953125 0.384375 0.0234375 0.009375
88 0.725 0.51875 0.08125 0.0109375
88 0.703125 0.5859375 0.034375 0.009375
88 0.7171875 0.5375 0.0609375 0.0109375
88 0.725 0.55 0.0765625 0.0078125
88 0.728125 0.528125 0.084375 0.00625
88 0.703125 0.5609375 0.03125 0.01875
88 0.7015625 0.575 0.0234375 0.015625
88 0.70625 0.4140625 0.0203125 0.0125
88 0.709375 0.40625 0.0265625 0.00625
88 0.7015625 0.425 0.009375 0.0078125
88 0.7140625 0.434375 0.01875 0.009375
88 0.721875 0.3953125 0.028125 0.0078125
88 0.7171875 0.4140625 0.0109375 0.00625
88 0.7171875 0.425 0.0109375 0.0078125
88 0.721875 0.3828125 0.015625 0.009375
88 0.740625 0.5625 0.04375 0.015625
88 0.7390625 0.5734375 0.0296875 0.0125
88 0.740625 0.584375 0.03125 0.015625
88 0.73125 0.40625 0.0109375 0.00625
88 0.734375 0.3859375 0.00625 0.0078125
88 0.7421875 0.4359375 0.021875 0.0078125
88 0.7375 0.415625 0.009375 0.0109375
88 0.7390625 0.4234375 0.009375 0.009375
88 0.7453125 0.3828125 0.015625 0.009375
88 0.746875 0.39375 0.0125 0.009375
88 0.7515625 0.403125 0.01875 0.0078125
88 0.75 0.4234375 0.0109375 0.00625
88 0.753125 0.4125 0.0109375 0.009375
88 0.7546875 0.5375 0.009375 0.00625
88 0.7640625 0.421875 0.015625 0.009375
88 0.7734375 0.434375 0.028125 0.0140625
88 0.7671875 0.4125 0.0109375 0.009375
88 0.7765625 0.5484375 0.021875 0.00625
88 0.7828125 0.540625 0.03125 0.0109375
88 0.8203125 0.515625 0.10625 0.0078125
88 0.8203125 0.565625 0.10625 0.021875
88 0.7828125 0.5265625 0.0265625 0.00625
88 0.78125 0.4109375 0.0171875 0.0109375
88 0.7828125 0.421875 0.01875 0.009375
88 0.815625 0.540625 0.0375 0.015625
88 0.815625 0.553125 0.0328125 0.0125
88 0.815625 0.528125 0.028125 0.015625
88 0.8125 0.415625 0.0125 0.0109375
88 0.8140625 0.425 0.0078125 0.00625
88 0.8171875 0.40625 0.0140625 0.0078125
88 0.8171875 0.384375 0.015625 0.0109375
88 0.81875 0.3953125 0.0171875 0.009375
88 0.815625 0.4078125 0.0078125 0.009375
88 0.8296875 0.4234375 0.0109375 0.0140625
88 0.83125 0.4375 0.0140625 0.0125
88 0.834375 0.415625 0.0140625 0.00625
88 0.8375 0.4046875 0.021875 0.0109375
88 0.8390625 0.3953125 0.0203125 0.0125
88 0.8421875 0.384375 0.021875 0.0078125
88 0.846875 0.55 0.025 0.009375
88 0.8515625 0.5265625 0.034375 0.0125
88 0.846875 0.5390625 0.021875 0.0125
88 0.8390625 0.425 0.00625 0.0125
88 0.840625 0.440625 0.0078125 0.0109375
88 0.8484375 0.4125 0.00625 0.00625
88 0.859375 0.39375 0.0171875 0.009375
88 0.865625 0.403125 0.0265625 0.0109375
88 0.8609375 0.4328125 0.015625 0.0125
88 0.8640625 0.4125 0.0171875 0.0125
88 0.8671875 0.384375 0.0265625 0.0078125
88 0.8640625 0.5515625 0.0140625 0.0109375
88 0.865625 0.5375 0.0125 0.009375
88 0.865625 0.4265625 0.015625 0.00625
88 0.871875 0.3921875 0.009375 0.009375
88 0.878125 0.43125 0.009375 0.009375
88 0.890625 0.4078125 0.021875 0.009375
88 0.8921875 0.3953125 0.025 0.015625
88 0.89375 0.384375 0.025 0.00625
88 0.8921875 0.415625 0.0203125 0.009375
88 0.940625 0.5328125 0.115625 0.040625
88 0.9421875 0.5859375 0.115625 0.059375
88 0.9421875 0.55 0.1125 0.04375
88 0.9421875 0.578125 0.1125 0.053125
88 0.89375 0.4328125 0.0109375 0.0140625
88 0.9453125 0.559375 0.109375 0.05
88 0.9453125 0.603125 0.109375 0.05625
88 0.921875 0.434375 0.0109375 0.0125
88 0.921875 0.4015625 0.0125 0.0125
88 0.9234375 0.384375 0.0140625 0.0109375
88 0.9234375 0.4234375 0.015625 0.0078125
88 0.9234375 0.415625 0.0140625 0.009375
88 0.9234375 0.39375 0.0078125 0.0078125
88 0.934375 0.39375 0.0125 0.0078125
88 0.9359375 0.40625 0.0109375 0.0078125
88 0.9375 0.38125 0.0125 0.009375
88 0.9375 0.415625 0.0078125 0.009375
88 0.9484375 0.4140625 0.009375 0.00625
88 0.953125 0.3828125 0.0171875 0.0078125
88 0.953125 0.40625 0.0109375 0.0078125
88 0.953125 0.396875 0.0078125 0.009375
