84 0.0359375 0.4109375 0.0703125 0.078125
84 0.0515625 0.5640625 0.103125 0.1125
84 0.0453125 0.6109375 0.08125 0.071875
84 0.125 0.409375 0.103125 0.06875
84 0.209375 0.5421875 0.2015625 0.0640625
84 0.35 0.409375 0.2375 0.065625
84 0.490625 0.54375 0.2703125 0.06875
84 0.6359375 0.4125 0.2421875 0.06875
84 0.6171875 0.575 0.0765625 0.0484375
84 0.7734375 0.5453125 0.1921875 0.06875
84 0.721875 0.5734375 0.0765625 0.046875
84 0.8578125 0.4125 0.0984375 0.065625
84 0.9375 0.5734375 0.121875 0.1234375
84 0.934375 0.4046875 0.040625 0.0640625
