86 0.015625 0.590625 0.03125 0.0203125
86 0.2390625 0.5984375 0.053125 0.05625
86 0.3375 0.6046875 0.075 0.0546875
86 0.3640625 0.6703125 0.0796875 0.1375
86 0.4984375 0.740625 0.20625 0.1859375
86 0.534375 0.5546875 0.0234375 0.0234375
86 0.575 0.5515625 0.0265625 0.0171875
86 0.6359375 0.7421875 0.1421875 0.1828125
86 0.5921875 0.546875 0.0078125 0.0234375
86 0.8640625 0.5546875 0.0296875 0.0359375
86 0.9 0.6125 0.046875 0.046875
86 0.95 0.790625 0.0953125 0.084375
86 0.98125 0.559375 0.034375 0.0453125
