86 0.0484375 0.484375 0.09375 0.0546875
86 0.0625 0.525 0.125 0.1
86 0.1734375 0.496875 0.0671875 0.075
86 0.2296875 0.4921875 0.0359375 0.0640625
86 0.3578125 0.4859375 0.21875 0.0828125
86 0.4078125 0.578125 0.21875 0.196875
86 0.4953125 0.5515625 0.175 0.15625
86 0.4828125 0.4609375 0.03125 0.028125
86 0.5140625 0.465625 0.0265625 0.0375
86 0.5671875 0.4578125 0.0734375 0.040625
86 0.5953125 0.5265625 0.0765625 0.1171875
86 0.7390625 0.571875 0.271875 0.165625
86 0.659375 0.48125 0.05625 0.04375
86 0.7796875 0.5421875 0.2296875 0.134375
86 0.815625 0.5234375 0.190625 0.1140625
86 0.8453125 0.5140625 0.159375 0.1
86 0.8578125 0.4859375 0.1234375 0.0875
86 0.9 0.4625 0.059375 0.05
