86 0.178125 0.7015625 0.2578125 0.2609375
86 0.078125 0.4734375 0.05625 0.0328125
86 0.1734375 0.6171875 0.1515625 0.1296875
86 0.1203125 0.4390625 0.0265625 0.0109375
86 0.13125 0.4484375 0.021875 0.0078125
86 0.1421875 0.471875 0.040625 0.0359375
86 0.178125 0.48125 0.0390625 0.0234375
86 0.2 0.4921875 0.0625 0.0265625
86 0.2109375 0.43125 0.0265625 0.0171875
86 0.2265625 0.4578125 0.0296875 0.0171875
86 0.2578125 0.5328125 0.0828125 0.0578125
86 0.2296875 0.4421875 0.01875 0.0125
86 0.3234375 0.6640625 0.1390625 0.2765625
86 0.3234375 0.446875 0.01875 0.0078125
86 0.3765625 0.596875 0.040625 0.1609375
86 0.3765625 0.459375 0.0359375 0.0203125
86 0.390625 0.46875 0.01875 0.01875
86 0.4484375 0.7125 0.125 0.240625
86 0.4453125 0.4609375 0.0328125 0.01875
86 0.45625 0.48125 0.01875 0.021875
86 0.490625 0.5328125 0.0296875 0.08125
86 0.5125 0.453125 0.021875 0.0078125
86 0.521875 0.4734375 0.0296875 0.0265625
86 0.56875 0.575 0.071875 0.0421875
86 0.565625 0.5203125 0.0375 0.0796875
86 0.6 0.51875 0.04375 0.0828125
86 0.6125 0.4671875 0.0296875 0.01875
86 0.6140625 0.446875 0.0125 0.015625
86 0.640625 0.49375 0.0359375 0.0578125
86 0.640625 0.459375 0.0234375 0.0125
86 0.665625 0.5921875 0.0296875 0.1296875
86 0.659375 0.4859375 0.015625 0.046875
86 0.6890625 0.5234375 0.0203125 0.0265625
86 0.89375 0.809375 0.0359375 0.046875
86 0.94375 0.7 0.1109375 0.2359375
86 0.953125 0.7375 0.090625 0.1890625
86 0.9703125 0.5078125 0.0578125 0.1421875
86 0.9703125 0.634375 0.0578125 0.2046875
