85 0.05 0.259375 0.1 0.2671875
85 0.08125 0.534375 0.1296875 0.0734375
85 0.353125 0.271875 0.2546875 0.2234375
85 0.2984375 0.5 0.1046875 0.059375
85 0.51875 0.709375 0.3046875 0.2671875
85 0.425 0.509375 0.1078125 0.0515625
85 0.5703125 0.58125 0.1671875 0.175
85 0.728125 0.59375 0.1109375 0.16875
85 0.821875 0.25625 0.20625 0.225
85 0.909375 0.628125 0.071875 0.21875
85 0.971875 0.2578125 0.0546875 0.2484375
85 0.975 0.4453125 0.0484375 0.103125
85 0.9765625 0.7171875 0.0453125 0.309375
