86 0.0421875 0.9109375 0.08125 0.1765625
86 0.2890625 0.85625 0.146875 0.2859375
86 0.2578125 0.496875 0.0796875 0.1140625
86 0.31875 0.459375 0.065625 0.1859375
86 0.3625 0.4484375 0.1015625 0.1828125
86 0.5734375 0.88125 0.2671875 0.234375
86 0.553125 0.46875 0.1859375 0.0796875
86 0.5953125 0.3703125 0.115625 0.0515625
86 0.6046875 0.428125 0.1125 0.0890625
86 0.6578125 0.4515625 0.0265625 0.08125
86 0.890625 0.821875 0.2125 0.35
86 0.9671875 0.6359375 0.0640625 0.3921875
86 0.9859375 0.428125 0.0265625 0.078125
