86 0.2734375 0.7734375 0.178125 0.190625
86 0.025 0.7734375 0.05 0.2015625
86 0.028125 0.709375 0.05625 0.1
86 0.128125 0.7203125 0.1046875 0.1125
86 0.1 0.675 0.03125 0.0828125
86 0.1765625 0.6890625 0.0828125 0.0875
86 0.171875 0.6640625 0.0421875 0.0640625
86 0.2 0.7125 0.0890625 0.10625
86 0.1796875 0.6328125 0.0203125 0.0328125
86 0.225 0.675 0.0625 0.065625
86 0.3484375 0.6453125 0.01875 0.0140625
86 0.425 0.784375 0.1375 0.178125
86 0.4078125 0.6609375 0.05 0.028125
86 0.4703125 0.7703125 0.1359375 0.1875
86 0.4421875 0.684375 0.0421875 0.0234375
86 0.578125 0.7234375 0.090625 0.1265625
86 0.6640625 0.6765625 0.04375 0.0765625
86 0.7125 0.66875 0.059375 0.0796875
86 0.7890625 0.6796875 0.065625 0.0796875
