88 0.1296875 0.578125 0.0203125 0.03125
88 0.153125 0.53125 0.04375 0.034375
88 0.153125 0.575 0.025 0.025
88 0.1625 0.4890625 0.0234375 0.04375
88 0.253125 0.6265625 0.04375 0.05
88 0.25625 0.575 0.0375 0.0515625
88 0.284375 0.6203125 0.03125 0.053125
88 0.2875 0.5703125 0.028125 0.040625
88 0.3953125 0.60625 0.071875 0.0109375
88 0.4171875 0.6359375 0.015625 0.053125
88 0.4359375 0.6765625 0.0328125 0.04375
88 0.4375 0.625 0.01875 0.046875
88 0.6296875 0.6328125 0.0328125 0.05
88 0.6375 0.69375 0.0171875 0.0671875
88 0.7921875 0.5734375 0.0828125 0.06875
88 0.8125 0.5453125 0.1109375 0.0125
88 0.7859375 0.6234375 0.0546875 0.059375
88 0.815625 0.7015625 0.025 0.046875
88 0.9046875 0.571875 0.0328125 0.059375
88 0.90625 0.6140625 0.0359375 0.0359375
