86 0.084375 0.73125 0.0359375 0.0375
86 0.215625 0.61875 0.0296875 0.04375
86 0.2390625 0.6140625 0.034375 0.0421875
86 0.2640625 0.7265625 0.0828125 0.0703125
86 0.2640625 0.609375 0.028125 0.0390625
86 0.26875 0.559375 0.0359375 0.0296875
86 0.30625 0.628125 0.0359375 0.028125
86 0.3109375 0.6109375 0.040625 0.0390625
86 0.3921875 0.7140625 0.0625 0.06875
86 0.3875 0.59375 0.03125 0.0390625
86 0.459375 0.709375 0.0875 0.0703125
86 0.440625 0.5625 0.03125 0.0515625
86 0.4390625 0.609375 0.0234375 0.03125
86 0.475 0.6078125 0.0265625 0.034375
86 0.4765625 0.553125 0.0265625 0.0546875
86 0.509375 0.684375 0.08125 0.075
86 0.5875 0.703125 0.0734375 0.0875
86 0.61875 0.5609375 0.0515625 0.03125
86 0.625 0.5875 0.0625 0.059375
86 0.6578125 0.69375 0.0703125 0.0859375
86 0.68125 0.5640625 0.053125 0.040625
86 0.73125 0.7046875 0.078125 0.078125
86 0.7328125 0.5578125 0.0546875 0.0453125
86 0.7375 0.6203125 0.05 0.0890625
86 0.7375 0.51875 0.0375 0.059375
86 0.784375 0.6875 0.0734375 0.0796875
86 0.7953125 0.61875 0.0578125 0.0875
86 0.7953125 0.5515625 0.05 0.0671875
86 0.8546875 0.5484375 0.0453125 0.0640625
86 0.971875 0.584375 0.0546875 0.096875
86 0.975 0.6984375 0.046875 0.1
86 0.98125 0.50625 0.0359375 0.05625
