86 0.41875 0.7125 0.25625 0.2421875
86 0.353125 0.4109375 0.046875 0.0890625
86 0.41875 0.5625 0.11875 0.1984375
86 0.4 0.421875 0.0671875 0.1015625
86 0.4109375 0.3890625 0.0421875 0.06875
86 0.4328125 0.3875 0.0421875 0.084375
86 0.490625 0.4859375 0.0875 0.165625
86 0.534375 0.4 0.059375 0.09375
86 0.578125 0.4546875 0.0578125 0.109375
86 0.6484375 0.4078125 0.0265625 0.053125
86 0.725 0.484375 0.121875 0.134375
86 0.8125 0.621875 0.1828125 0.2453125
86 0.8 0.3984375 0.0515625 0.09375
86 0.7953125 0.4296875 0.0421875 0.034375
