88 0.171875 0.4859375 0.2859375 0.5640625
88 0.21875 0.771875 0.1859375 0.1265625
88 0.21875 0.2140625 0.153125 0.096875
88 0.3828125 0.7125 0.15625 0.24375
88 0.36875 0.4125 0.121875 0.49375
88 0.4609375 0.4390625 0.06875 0.296875
88 0.496875 0.6609375 0.0671875 0.1828125
88 0.5078125 0.484375 0.0328125 0.175
88 0.7921875 0.684375 0.4125 0.2984375
88 0.7890625 0.503125 0.4015625 0.3203125
88 0.6359375 0.746875 0.0921875 0.175
88 0.7890625 0.315625 0.39375 0.2984375
88 0.68125 0.7234375 0.1765625 0.2234375
88 0.7453125 0.69375 0.3046875 0.2796875
