86 0.0875 0.68125 0.1734375 0.203125
86 0.025 0.534375 0.0484375 0.06875
86 0.1171875 0.38125 0.1125 0.06875
86 0.215625 0.825 0.271875 0.096875
86 0.190625 0.3703125 0.1125 0.096875
86 0.3015625 0.74375 0.26875 0.1921875
86 0.2984375 0.365625 0.0765625 0.1234375
86 0.3515625 0.3703125 0.1125 0.128125
86 0.478125 0.815625 0.3109375 0.115625
86 0.4328125 0.365625 0.0984375 0.1296875
86 0.54375 0.3671875 0.115625 0.1703125
86 0.6859375 0.3703125 0.103125 0.1640625
86 0.8015625 0.734375 0.2875 0.278125
86 0.796875 0.29375 0.1171875 0.0546875
86 0.909375 0.2875 0.1265625 0.0703125
86 0.940625 0.6703125 0.115625 0.09375
