88 0.0375 0.7 0.025 0.021875
88 0.0546875 0.6734375 0.04375 0.0234375
88 0.0421875 0.7265625 0.0140625 0.0203125
88 0.05625 0.85 0.040625 0.03125
88 0.040625 0.7484375 0.0046875 0.028125
88 0.0578125 0.89375 0.0265625 0.04375
88 0.0640625 0.8046875 0.0265625 0.0421875
88 0.1 0.7171875 0.0796875 0.0265625
88 0.09375 0.75625 0.059375 0.0515625
88 0.0984375 0.6984375 0.0671875 0.00625
88 0.0953125 0.8171875 0.05625 0.0359375
88 0.1015625 0.9046875 0.0515625 0.059375
88 0.1015625 0.8640625 0.04375 0.028125
88 0.109375 0.671875 0.0578125 0.0203125
88 0.178125 0.8328125 0.0609375 0.059375
88 0.175 0.9390625 0.053125 0.0609375
88 0.1875 0.8828125 0.0515625 0.03125
88 0.2 0.66875 0.0125 0.03125
88 0.2359375 0.85 0.0625 0.0515625
88 0.225 0.94375 0.0265625 0.0375
88 0.2484375 0.8984375 0.0640625 0.0796875
88 0.2734375 0.6734375 0.065625 0.0125
88 0.2640625 0.7265625 0.0453125 0.028125
88 0.2625 0.7890625 0.0390625 0.0265625
88 0.26875 0.7578125 0.04375 0.021875
88 0.265625 0.953125 0.0328125 0.0234375
88 0.3078125 0.8671875 0.090625 0.04375
88 0.29375 0.95625 0.0234375 0.0125
88 0.30625 0.7578125 0.0484375 0.040625
88 0.3078125 0.73125 0.0484375 0.03125
88 0.3109375 0.921875 0.040625 0.0359375
88 0.325 0.6703125 0.0515625 0.028125
88 0.3515625 0.7703125 0.0546875 0.025
88 0.359375 0.7296875 0.05625 0.0390625
88 0.384375 0.6703125 0.0390625 0.021875
88 0.40625 0.8109375 0.065625 0.0421875
88 0.403125 0.778125 0.0515625 0.0265625
88 0.4265625 0.7390625 0.0765625 0.046875
88 0.4296875 0.671875 0.04375 0.0328125
88 0.46875 0.6671875 0.040625 0.0234375
88 0.4921875 0.74375 0.0796875 0.0484375
88 0.4953125 0.79375 0.0671875 0.0390625
88 0.5234375 0.6609375 0.059375 0.0203125
88 0.5328125 0.6875 0.046875 0.0078125
88 0.571875 0.75 0.090625 0.0484375
88 0.5765625 0.8484375 0.090625 0.053125
88 0.5796875 0.803125 0.0921875 0.040625
88 0.58125 0.690625 0.046875 0.0203125
88 0.584375 0.6609375 0.05 0.0203125
88 0.6015625 0.890625 0.0265625 0.0390625
88 0.6296875 0.665625 0.046875 0.0125
88 0.6703125 0.7578125 0.1171875 0.05
88 0.63125 0.6875 0.03125 0.0171875
88 0.675 0.90625 0.1109375 0.059375
88 0.6734375 0.8046875 0.096875 0.0515625
88 0.675 0.853125 0.0984375 0.04375
88 0.6796875 0.6875 0.0546875 0.028125
88 0.684375 0.665625 0.0390625 0.0265625
88 0.721875 0.703125 0.0578125 0.0140625
88 0.725 0.690625 0.03125 0.009375
88 0.734375 0.66875 0.0390625 0.0171875
88 0.7765625 0.6875 0.0484375 0.025
88 0.7859375 0.709375 0.0578125 0.0265625
88 0.78125 0.665625 0.0375 0.0125
88 0.8140625 0.665625 0.040625 0.0140625
88 0.8265625 0.690625 0.0515625 0.021875
88 0.8328125 0.7109375 0.046875 0.0171875
88 0.8328125 0.734375 0.0421875 0.0203125
88 0.8734375 0.6671875 0.065625 0.009375
88 0.875 0.6890625 0.04375 0.0203125
88 0.88125 0.728125 0.040625 0.0234375
88 0.8890625 0.7125 0.0484375 0.0203125
88 0.921875 0.6921875 0.040625 0.0234375
88 0.928125 0.7109375 0.0453125 0.009375
88 0.9265625 0.6671875 0.0328125 0.009375
88 0.934375 0.734375 0.0375 0.0125
88 0.9578125 0.6875 0.0234375 0.015625
88 0.9640625 0.6640625 0.025 0.0265625
88 0.9640625 0.734375 0.025 0.021875
88 0.959375 0.7078125 0.0140625 0.0140625
