86 0.0125 0.503125 0.0234375 0.015625
86 0.028125 0.596875 0.05625 0.0875
86 0.028125 0.4953125 0.0265625 0.0171875
86 0.040625 0.50625 0.01875 0.0203125
86 0.0453125 0.5421875 0.0171875 0.0046875
86 0.05625 0.49375 0.0203125 0.0171875
86 0.1703125 0.70625 0.234375 0.16875
86 0.06875 0.4828125 0.028125 0.00625
86 0.078125 0.490625 0.01875 0.0109375
86 0.0953125 0.5609375 0.01875 0.0328125
86 0.09375 0.4828125 0.0140625 0.0125
86 0.1703125 0.6609375 0.1625 0.1421875
86 0.103125 0.48125 0.01875 0.0078125
86 0.1078125 0.4953125 0.021875 0.0171875
86 0.125 0.4796875 0.021875 0.0109375
86 0.121875 0.484375 0.0140625 0.00625
86 0.1515625 0.490625 0.01875 0.0171875
86 0.1765625 0.5046875 0.0234375 0.015625
86 0.18125 0.48125 0.0109375 0.0140625
86 0.2046875 0.4859375 0.021875 0.015625
86 0.215625 0.50625 0.028125 0.0125
86 0.23125 0.5671875 0.0453125 0.040625
86 0.221875 0.521875 0.0171875 0.0203125
86 0.2359375 0.5359375 0.021875 0.009375
86 0.2890625 0.521875 0.0171875 0.015625
86 0.3078125 0.4984375 0.025 0.0203125
86 0.315625 0.5046875 0.009375 0.0109375
86 0.3296875 0.5234375 0.0203125 0.021875
86 0.4390625 0.7859375 0.2390625 0.0875
86 0.3625 0.546875 0.0421875 0.028125
86 0.3625 0.525 0.0375 0.0140625
86 0.3734375 0.4984375 0.03125 0.009375
86 0.3875 0.515625 0.034375 0.025
86 0.3859375 0.4859375 0.0265625 0.0140625
86 0.3953125 0.528125 0.025 0.021875
86 0.40625 0.496875 0.01875 0.0140625
86 0.415625 0.4828125 0.021875 0.015625
86 0.425 0.5109375 0.0265625 0.01875
86 0.440625 0.53125 0.028125 0.028125
86 0.4578125 0.603125 0.0203125 0.021875
86 0.4609375 0.5734375 0.009375 0.0109375
86 0.475 0.5 0.025 0.015625
86 0.4796875 0.48125 0.0171875 0.003125
86 0.5859375 0.728125 0.215625 0.203125
86 0.528125 0.490625 0.01875 0.0125
86 0.5515625 0.5015625 0.0375 0.025
86 0.5640625 0.4953125 0.028125 0.025
86 0.575 0.5921875 0.03125 0.0203125
86 0.6703125 0.740625 0.190625 0.175
86 0.615625 0.5265625 0.015625 0.0125
86 0.6546875 0.5328125 0.0375 0.0265625
86 0.6578125 0.5703125 0.0265625 0.0453125
86 0.696875 0.503125 0.0421875 0.01875
86 0.734375 0.5 0.021875 0.015625
86 0.865625 0.765625 0.265625 0.1265625
86 0.778125 0.4890625 0.0375 0.0171875
86 0.7875 0.5 0.021875 0.009375
86 0.815625 0.565625 0.046875 0.025
86 0.8625 0.478125 0.015625 0.0125
86 0.903125 0.4765625 0.040625 0.009375
86 0.9109375 0.5015625 0.0453125 0.0265625
86 0.9015625 0.521875 0.025 0.034375
86 0.94375 0.6796875 0.109375 0.090625
86 0.9453125 0.559375 0.0828125 0.0609375
86 0.9203125 0.4859375 0.028125 0.009375
86 0.9578125 0.603125 0.08125 0.0703125
86 0.9828125 0.484375 0.03125 0.0171875
86 0.984375 0.50625 0.0296875 0.0265625
86 0.9875 0.5578125 0.021875 0.04375
86 0.9953125 0.53125 0.0078125 0.0421875
