88 0.6578125 0.6375 0.2140625 0.178125
88 0.0921875 0.6359375 0.184375 0.475
88 0.2203125 0.6921875 0.1046875 0.3140625
88 0.253125 0.5734375 0.0703125 0.0703125
88 0.2953125 0.58125 0.015625 0.0796875
88 0.3859375 0.553125 0.1828125 0.0859375
88 0.3359375 0.590625 0.059375 0.0765625
88 0.38125 0.5609375 0.03125 0.01875
88 0.38125 0.5890625 0.025 0.01875
88 0.49375 0.5046875 0.0296875 0.04375
88 0.5 0.5640625 0.0375 0.03125
88 0.525 0.5109375 0.0265625 0.021875
88 0.534375 0.575 0.025 0.078125
88 0.5859375 0.53125 0.03125 0.0328125
88 0.6671875 0.528125 0.01875 0.021875
88 0.69375 0.5203125 0.0296875 0.028125
88 0.7796875 0.571875 0.103125 0.1515625
88 0.803125 0.6078125 0.05 0.1125
88 0.86875 0.6109375 0.084375 0.1328125
88 0.8875 0.525 0.0640625 0.0421875
88 0.940625 0.6796875 0.115625 0.2515625
88 0.9578125 0.528125 0.0828125 0.0390625
