85 0.440625 0.490625 0.8796875 0.6234375
85 0.0984375 0.715625 0.196875 0.2125
85 0.1 0.315625 0.1890625 0.2734375
85 0.2796875 0.3125 0.175 0.26875
85 0.2984375 0.70625 0.203125 0.228125
85 0.3984375 0.3359375 0.0875 0.23125
85 0.471875 0.6875 0.175 0.21875
85 0.484375 0.3484375 0.096875 0.221875
85 0.575 0.3390625 0.090625 0.2234375
85 0.6390625 0.6984375 0.178125 0.2453125
85 0.6890625 0.31875 0.1671875 0.2796875
85 0.7953125 0.715625 0.1453125 0.20625
85 0.8234375 0.31875 0.1046875 0.2703125
85 0.9296875 0.5703125 0.1390625 0.4921875
85 0.940625 0.253125 0.115625 0.1484375
