84 0.0796875 0.571875 0.159375 0.2125
84 0.3203125 0.665625 0.409375 0.3859375
84 0.2515625 0.446875 0.084375 0.08125
84 0.29375 0.4484375 0.084375 0.0796875
84 0.384375 0.40625 0.1171875 0.0140625
84 0.4046875 0.4453125 0.1203125 0.06875
84 0.4859375 0.4515625 0.140625 0.071875
84 0.48125 0.396875 0.075 0.0109375
84 0.6 0.571875 0.2796875 0.25
84 0.5265625 0.415625 0.109375 0.0359375
84 0.5625 0.3984375 0.06875 0.0125
84 0.6515625 0.428125 0.1171875 0.040625
84 0.6515625 0.4015625 0.0859375 0.009375
84 0.753125 0.525 0.1921875 0.18125
84 0.7484375 0.4046875 0.096875 0.0140625
84 0.778125 0.425 0.14375 0.028125
84 0.884375 0.79375 0.2296875 0.1609375
84 0.8703125 0.4390625 0.109375 0.078125
84 0.940625 0.475 0.1171875 0.1203125
84 0.9796875 0.409375 0.0375 0.0109375
