86 0.025 0.5703125 0.05 0.04375
86 0.025 0.696875 0.05 0.1125
86 0.040625 0.6125 0.0796875 0.0546875
86 0.04375 0.6015625 0.06875 0.0671875
86 0.0375 0.6671875 0.046875 0.1015625
86 0.11875 0.709375 0.1265625 0.1359375
86 0.0796875 0.5921875 0.0328125 0.0703125
86 0.0890625 0.5546875 0.0296875 0.021875
86 0.109375 0.6125 0.0484375 0.0578125
86 0.1109375 0.546875 0.025 0.0140625
86 0.1265625 0.5609375 0.0390625 0.01875
86 0.1328125 0.540625 0.0296875 0.0328125
86 0.1515625 0.640625 0.0453125 0.05
86 0.159375 0.609375 0.0515625 0.053125
86 0.2046875 0.603125 0.05 0.065625
86 0.20625 0.5765625 0.025 0.053125
86 0.2265625 0.61875 0.0453125 0.0359375
86 0.24375 0.590625 0.0296875 0.0734375
86 0.33125 0.7640625 0.1234375 0.1328125
86 0.2984375 0.6015625 0.0515625 0.0515625
86 0.29375 0.5875 0.0328125 0.071875
86 0.309375 0.59375 0.0390625 0.059375
86 0.353125 0.6078125 0.0546875 0.0609375
86 0.365625 0.5578125 0.0265625 0.009375
86 0.3984375 0.628125 0.0375 0.0515625
86 0.40625 0.734375 0.05 0.1609375
86 0.409375 0.684375 0.0546875 0.128125
86 0.40625 0.5703125 0.025 0.0515625
86 0.428125 0.6 0.0265625 0.046875
86 0.4453125 0.6109375 0.028125 0.0703125
86 0.4390625 0.5609375 0.0140625 0.021875
86 0.4640625 0.596875 0.021875 0.0640625
86 0.5359375 0.5953125 0.0421875 0.0546875
86 0.5359375 0.5828125 0.0234375 0.0640625
86 0.5640625 0.6125 0.0515625 0.071875
86 0.5859375 0.68125 0.0796875 0.125
86 0.571875 0.5734375 0.034375 0.0484375
86 0.60625 0.725 0.1015625 0.153125
86 0.6359375 0.7703125 0.125 0.11875
86 0.6203125 0.615625 0.0625 0.0578125
86 0.6078125 0.58125 0.0296875 0.0625
86 0.64375 0.6203125 0.04375 0.0296875
86 0.6546875 0.5640625 0.0265625 0.015625
86 0.6703125 0.603125 0.0328125 0.0328125
86 0.7 0.615625 0.05 0.025
86 0.6890625 0.5890625 0.021875 0.021875
86 0.6890625 0.575 0.015625 0.015625
86 0.7734375 0.78125 0.125 0.096875
86 0.746875 0.5984375 0.0375 0.0609375
86 0.7625 0.5640625 0.0328125 0.015625
86 0.771875 0.63125 0.05 0.034375
86 0.7765625 0.6015625 0.0390625 0.04375
86 0.79375 0.5640625 0.0296875 0.0140625
86 0.821875 0.6203125 0.0515625 0.0734375
86 0.8484375 0.6578125 0.0515625 0.0515625
86 0.85 0.5859375 0.0375 0.0546875
86 0.9 0.7734375 0.1375 0.1125
86 0.928125 0.759375 0.1359375 0.140625
86 0.9171875 0.628125 0.0703125 0.071875
86 0.9265625 0.6765625 0.0765625 0.1109375
86 0.91875 0.60625 0.0546875 0.0453125
86 0.94375 0.6265625 0.03125 0.075
86 0.9703125 0.6984375 0.0578125 0.134375
