88 0.0875 0.790625 0.1234375 0.0671875
88 0.0859375 0.7234375 0.1140625 0.0734375
88 0.0875 0.6109375 0.1171875 0.0640625
88 0.0875 0.6625 0.1125 0.0640625
88 0.09375 0.3484375 0.10625 0.084375
88 0.09375 0.55625 0.1 0.0640625
88 0.09375 0.4578125 0.1015625 0.059375
88 0.0953125 0.50625 0.103125 0.0734375
88 0.0953125 0.4 0.1015625 0.071875
88 0.0953125 0.303125 0.096875 0.0828125
88 0.103125 0.25 0.1109375 0.084375
88 0.1078125 0.2140625 0.1140625 0.053125
88 0.209375 0.7875 0.1203125 0.0625
88 0.2015625 0.628125 0.1 0.059375
88 0.1984375 0.525 0.0921875 0.0703125
88 0.20625 0.671875 0.103125 0.065625
88 0.2125 0.725 0.115625 0.0671875
88 0.1953125 0.3765625 0.078125 0.0625
88 0.203125 0.578125 0.090625 0.0609375
88 0.1859375 0.28125 0.053125 0.06875
88 0.196875 0.3328125 0.071875 0.0671875
88 0.1984375 0.428125 0.0734375 0.0765625
88 0.203125 0.4828125 0.0796875 0.06875
88 0.19375 0.2296875 0.0359375 0.034375
88 0.25625 0.3171875 0.059375 0.0515625
88 0.246875 0.3515625 0.0375 0.0421875
88 0.259375 0.39375 0.028125 0.0546875
88 0.265625 0.4390625 0.034375 0.0578125
88 0.265625 0.490625 0.03125 0.0484375
88 0.2703125 0.5875 0.0359375 0.0546875
88 0.271875 0.5390625 0.028125 0.0515625
88 0.2734375 0.628125 0.0234375 0.0546875
88 0.29375 0.7125 0.05625 0.0609375
88 0.28125 0.665625 0.0265625 0.0296875
88 0.28125 0.271875 0.0125 0.0265625
88 0.3046875 0.7734375 0.05625 0.0546875
88 0.3609375 0.40625 0.159375 0.0421875
88 0.3015625 0.8109375 0.0359375 0.0234375
88 0.3625 0.365625 0.15 0.0484375
88 0.3640625 0.5203125 0.1453125 0.015625
88 0.31875 0.328125 0.0484375 0.0484375
88 0.3203125 0.2875 0.05 0.046875
88 0.3703125 0.4578125 0.1484375 0.05
88 0.365625 0.565625 0.128125 0.0125
88 0.3453125 0.6109375 0.0859375 0.009375
88 0.359375 0.6328125 0.1046875 0.0484375
88 0.36875 0.6796875 0.121875 0.05625
88 0.371875 0.7265625 0.1125 0.0609375
88 0.403125 0.78125 0.1734375 0.071875
88 0.3890625 0.3203125 0.1015625 0.0578125
88 0.43125 0.2703125 0.0265625 0.0265625
88 0.4765625 0.2796875 0.084375 0.05
88 0.490625 0.3125 0.10625 0.0578125
88 0.5 0.4 0.1125 0.0703125
88 0.4984375 0.3515625 0.103125 0.0625
88 0.503125 0.5234375 0.109375 0.04375
88 0.5 0.4421875 0.1 0.059375
88 0.503125 0.4875 0.1 0.0640625
88 0.6 0.2421875 0.1078125 0.06875
88 0.5984375 0.3359375 0.1015625 0.0640625
88 0.5984375 0.2890625 0.0953125 0.0578125
88 0.6078125 0.4703125 0.1046875 0.06875
88 0.6078125 0.38125 0.0984375 0.071875
88 0.6140625 0.4296875 0.1046875 0.0703125
88 0.6140625 0.5171875 0.1 0.06875
88 0.61875 0.5671875 0.1015625 0.0671875
88 0.6296875 0.6140625 0.0703125 0.05625
88 0.6421875 0.659375 0.0609375 0.0609375
88 0.728125 0.20625 0.171875 0.0828125
88 0.7359375 0.2578125 0.165625 0.0828125
88 0.7375 0.303125 0.1671875 0.075
88 0.740625 0.3546875 0.1734375 0.078125
88 0.746875 0.396875 0.1765625 0.084375
88 0.7453125 0.4484375 0.1609375 0.078125
88 0.75 0.4984375 0.171875 0.065625
88 0.753125 0.59375 0.175 0.0703125
88 0.75625 0.55 0.1703125 0.06875
88 0.759375 0.6453125 0.175 0.0671875
88 0.809375 0.70625 0.084375 0.0609375
88 0.8109375 0.76875 0.0765625 0.0609375
88 0.884375 0.1734375 0.1359375 0.0859375
88 0.8890625 0.275 0.1375 0.0734375
88 0.890625 0.2234375 0.1359375 0.078125
88 0.896875 0.321875 0.1390625 0.0828125
88 0.9046875 0.371875 0.1515625 0.084375
88 0.9078125 0.428125 0.140625 0.0703125
88 0.9125 0.475 0.1484375 0.071875
88 0.9125 0.528125 0.14375 0.0625
88 0.9140625 0.584375 0.140625 0.0703125
88 0.9234375 0.6375 0.1421875 0.0734375
88 0.925 0.871875 0.146875 0.0875
88 0.9265625 0.7671875 0.1453125 0.0828125
88 0.9265625 0.6984375 0.14375 0.0765625
88 0.9296875 0.925 0.1390625 0.03125
