86 0.234375 0.5265625 0.0203125 0.046875
86 0.3171875 0.565625 0.025 0.0546875
86 0.346875 0.584375 0.0484375 0.0484375
86 0.3390625 0.5453125 0.021875 0.021875
86 0.3484375 0.5578125 0.0265625 0.01875
86 0.40625 0.6078125 0.065625 0.08125
86 0.39375 0.5265625 0.0109375 0.0140625
86 0.425 0.63125 0.05625 0.096875
86 0.48125 0.659375 0.0734375 0.1125
86 0.4703125 0.5578125 0.034375 0.0125
86 0.4734375 0.540625 0.0296875 0.01875
86 0.4875 0.5171875 0.0203125 0.0234375
86 0.525 0.69375 0.096875 0.15
86 0.5015625 0.56875 0.0265625 0.021875
86 0.503125 0.51875 0.0125 0.021875
86 0.525 0.5203125 0.0296875 0.025
86 0.5375 0.565625 0.028125 0.034375
86 0.5578125 0.5296875 0.0234375 0.0234375
86 0.58125 0.578125 0.0546875 0.040625
86 0.625 0.734375 0.1203125 0.178125
86 0.5765625 0.590625 0.0203125 0.01875
86 0.6 0.534375 0.0296875 0.0265625
86 0.63125 0.5953125 0.0578125 0.0453125
86 0.6875 0.759375 0.1484375 0.146875
86 0.634375 0.5390625 0.0328125 0.025
86 0.640625 0.575 0.0453125 0.028125
86 0.665625 0.540625 0.021875 0.01875
86 0.66875 0.528125 0.0171875 0.025
86 0.709375 0.6359375 0.0828125 0.04375
86 0.696875 0.6109375 0.0546875 0.046875
86 0.6953125 0.546875 0.0265625 0.01875
86 0.765625 0.6234375 0.084375 0.05625
86 0.8109375 0.709375 0.0765625 0.1296875
86 0.821875 0.5765625 0.0515625 0.04375
86 0.8109375 0.5859375 0.028125 0.028125
86 0.8625 0.7640625 0.1109375 0.1375
86 0.8609375 0.6578125 0.096875 0.078125
86 0.884375 0.5875 0.059375 0.0375
86 0.9125 0.603125 0.0453125 0.01875
86 0.940625 0.65625 0.0625 0.021875
86 0.9546875 0.603125 0.084375 0.05
