86 0.196875 0.5609375 0.125 0.19375
86 0.040625 0.503125 0.08125 0.1359375
86 0.121875 0.4875 0.084375 0.115625
86 0.18125 0.3984375 0.0328125 0.0484375
86 0.209375 0.4546875 0.0421875 0.0296875
86 0.2375 0.3859375 0.009375 0.021875
86 0.296875 0.525 0.1203125 0.128125
86 0.278125 0.3890625 0.0171875 0.025
86 0.359375 0.6484375 0.18125 0.2734375
86 0.2953125 0.4421875 0.034375 0.03125
86 0.3328125 0.434375 0.03125 0.040625
86 0.3875 0.4671875 0.040625 0.090625
86 0.390625 0.4046875 0.021875 0.0140625
86 0.4453125 0.5828125 0.0671875 0.1859375
86 0.578125 0.4796875 0.0546875 0.0703125
86 0.6890625 0.7078125 0.228125 0.2453125
86 0.7640625 0.646875 0.1625 0.2125
86 0.7875 0.590625 0.15 0.140625
86 0.846875 0.5765625 0.1171875 0.1515625
86 0.871875 0.53125 0.115625 0.115625
86 0.984375 0.46875 0.028125 0.0703125
