89 0.140625 0.60625 0.2796875 0.23125
89 0.1828125 0.4 0.365625 0.1796875
89 0.275 0.184375 0.55 0.08125
89 0.1828125 0.2984375 0.3640625 0.0703125
89 0.1421875 0.2375 0.26875 0.0734375
89 0.415625 0.2453125 0.2703125 0.0734375
89 0.45625 0.44375 0.20625 0.10625
89 0.4578125 0.3328125 0.1875 0.1234375
89 0.7625 0.2578125 0.4390625 0.0625
89 0.765625 0.1984375 0.4375 0.0640625
89 0.5953125 0.403125 0.090625 0.2390625
89 0.68125 0.403125 0.0859375 0.23125
89 0.7640625 0.3625 0.096875 0.1546875
89 0.90625 0.3921875 0.1859375 0.2171875
