88 0.2203125 0.30625 0.2265625 0.15
88 0.2328125 0.46875 0.246875 0.0890625
88 0.2234375 0.415625 0.225 0.0625
88 0.246875 0.5140625 0.2125 0.0640625
88 0.375 0.346875 0.1 0.103125
88 0.378125 0.434375 0.0890625 0.071875
88 0.378125 0.509375 0.075 0.0734375
88 0.4546875 0.290625 0.0734375 0.1046875
88 0.4640625 0.515625 0.090625 0.0875
88 0.465625 0.3515625 0.0828125 0.084375
88 0.4703125 0.4375 0.078125 0.1015625
88 0.5703125 0.359375 0.128125 0.1015625
88 0.5765625 0.4484375 0.1265625 0.1265625
88 0.5921875 0.275 0.1359375 0.078125
88 0.7171875 0.55625 0.16875 0.128125
88 0.7109375 0.453125 0.13125 0.0953125
88 0.7453125 0.3703125 0.1921875 0.121875
88 0.7328125 0.2578125 0.159375 0.0875
88 0.9046875 0.4921875 0.1875 0.11875
88 0.90625 0.2421875 0.1875 0.15
88 0.9125 0.3640625 0.171875 0.146875
