86 0.0703125 0.490625 0.1078125 0.0578125
86 0.065625 0.6421875 0.1296875 0.2578125
86 0.165625 0.603125 0.0890625 0.1921875
86 0.290625 0.6140625 0.3140625 0.2703125
86 0.1796875 0.4890625 0.0640625 0.03125
86 0.25625 0.5828125 0.0875 0.1625
86 0.3171875 0.5078125 0.071875 0.090625
86 0.45625 0.528125 0.1078125 0.1234375
86 0.4484375 0.4625 0.078125 0.0671875
86 0.4796875 0.5578125 0.1328125 0.096875
86 0.5296875 0.4890625 0.0890625 0.1015625
86 0.5796875 0.521875 0.109375 0.125
86 0.5703125 0.4015625 0.021875 0.01875
86 0.6109375 0.3953125 0.021875 0.0203125
86 0.6515625 0.4796875 0.090625 0.0828125
86 0.63125 0.3953125 0.021875 0.0171875
86 0.659375 0.5078125 0.078125 0.0609375
86 0.6921875 0.3953125 0.0375 0.01875
86 0.8046875 0.46875 0.140625 0.121875
86 0.825 0.4640625 0.1015625 0.0765625
86 0.9375 0.515625 0.121875 0.08125
86 0.940625 0.465625 0.1171875 0.06875
