88 0.0234375 0.828125 0.0453125 0.090625
88 0.06875 0.734375 0.1359375 0.278125
88 0.5 0.5 0.9984375 0.746875
88 0.115625 0.196875 0.1734375 0.140625
88 0.1515625 0.7046875 0.2 0.3375
88 0.240625 0.225 0.234375 0.190625
88 0.3625 0.5203125 0.4640625 0.1640625
88 0.375 0.428125 0.4265625 0.146875
88 0.35 0.721875 0.346875 0.303125
88 0.3203125 0.23125 0.225 0.2078125
88 0.3953125 0.346875 0.33125 0.1125
88 0.5078125 0.7484375 0.265625 0.25
88 0.4984375 0.259375 0.15625 0.265625
88 0.584375 0.2609375 0.1875 0.2671875
88 0.6046875 0.7890625 0.1984375 0.1671875
88 0.6953125 0.25625 0.1484375 0.2578125
88 0.678125 0.8234375 0.078125 0.1
88 0.734375 0.8203125 0.0625 0.10625
88 0.78125 0.2171875 0.090625 0.1796875
88 0.80625 0.796875 0.128125 0.153125
88 0.8703125 0.215625 0.153125 0.178125
88 0.903125 0.26875 0.190625 0.284375
88 0.909375 0.76875 0.175 0.2078125
88 0.9453125 0.3671875 0.10625 0.16875
88 0.953125 0.61875 0.0921875 0.1109375
88 0.971875 0.5234375 0.05 0.090625
88 0.9875 0.45 0.021875 0.05
