86 0.0078125 0.65 0.015625 0.0421875
86 0.0234375 0.7421875 0.046875 0.103125
86 0.0359375 0.6140625 0.071875 0.0578125
86 0.040625 0.81875 0.0796875 0.103125
86 0.0453125 0.6875 0.0890625 0.0875
86 0.5 0.596875 0.9984375 0.5546875
86 0.075 0.7515625 0.1015625 0.103125
86 0.0640625 0.578125 0.0640625 0.06875
86 0.065625 0.8671875 0.0375 0.0125
86 0.084375 0.6296875 0.0734375 0.0640625
86 0.121875 0.8203125 0.10625 0.103125
86 0.1125 0.6953125 0.084375 0.0921875
86 0.11875 0.584375 0.075 0.0609375
86 0.153125 0.6421875 0.06875 0.06875
86 0.1578125 0.7546875 0.065625 0.1078125
86 0.18125 0.5546875 0.0640625 0.0625
86 0.1703125 0.8640625 0.0328125 0.01875
86 0.1953125 0.6984375 0.075 0.096875
86 0.228125 0.8171875 0.0828125 0.1140625
86 0.2203125 0.646875 0.0546875 0.08125
86 0.2328125 0.5609375 0.046875 0.0640625
86 0.2625 0.746875 0.06875 0.10625
86 0.271875 0.859375 0.0421875 0.0296875
86 0.2828125 0.6859375 0.065625 0.090625
86 0.290625 0.5546875 0.046875 0.0734375
86 0.303125 0.61875 0.053125 0.0703125
86 0.328125 0.8015625 0.075 0.11875
86 0.3421875 0.7296875 0.0703125 0.10625
86 0.340625 0.534375 0.05 0.0421875
86 0.3609375 0.6671875 0.06875 0.0875
86 0.371875 0.615625 0.065625 0.075
86 0.384375 0.56875 0.0578125 0.06875
86 0.3765625 0.846875 0.0390625 0.053125
86 0.421875 0.7828125 0.0859375 0.11875
86 0.421875 0.7078125 0.078125 0.103125
86 0.425 0.51875 0.0578125 0.059375
86 0.43125 0.6515625 0.0578125 0.0828125
86 0.434375 0.6 0.059375 0.075
86 0.453125 0.8375 0.090625 0.075
86 0.4671875 0.540625 0.0578125 0.0609375
86 0.4625 0.5 0.0453125 0.059375
86 0.490625 0.628125 0.06875 0.0859375
86 0.496875 0.68125 0.0703125 0.0921875
86 0.5046875 0.7484375 0.084375 0.10625
86 0.49375 0.4859375 0.0359375 0.05625
86 0.5046875 0.5203125 0.05 0.05
86 0.534375 0.821875 0.1046875 0.10625
86 0.5234375 0.565625 0.0640625 0.0640625
86 0.5171875 0.471875 0.03125 0.0484375
86 0.5453125 0.546875 0.0671875 0.059375
86 0.5484375 0.65625 0.06875 0.0890625
86 0.5375 0.4578125 0.0359375 0.0453125
86 0.56875 0.7234375 0.08125 0.10625
86 0.56875 0.5859375 0.0640625 0.0625
86 0.559375 0.4421875 0.03125 0.040625
86 0.5671875 0.4828125 0.0359375 0.05
86 0.571875 0.378125 0.0328125 0.04375
86 0.60625 0.803125 0.1 0.1109375
86 0.5765625 0.4328125 0.0359375 0.0375
86 0.5875 0.4703125 0.0421875 0.0484375
86 0.5890625 0.41875 0.034375 0.0296875
86 0.590625 0.3828125 0.034375 0.0421875
86 0.5921875 0.5171875 0.0359375 0.0375
86 0.6109375 0.5640625 0.0515625 0.0703125
86 0.625 0.6890625 0.078125 0.096875
86 0.6046875 0.4625 0.0359375 0.0484375
86 0.6078125 0.3609375 0.025 0.025
86 0.6140625 0.50625 0.0375 0.046875
86 0.615625 0.3890625 0.0265625 0.025
86 0.6203125 0.45 0.0328125 0.046875
86 0.6390625 0.6109375 0.0671875 0.0671875
86 0.6328125 0.85625 0.046875 0.0375
86 0.6390625 0.546875 0.05 0.0640625
86 0.625 0.3515625 0.021875 0.028125
86 0.63125 0.371875 0.0203125 0.0296875
86 0.665625 0.7625 0.090625 0.1125
86 0.6375 0.4359375 0.0234375 0.04375
86 0.640625 0.340625 0.021875 0.0296875
86 0.646875 0.4109375 0.0296875 0.0390625
86 0.659375 0.53125 0.046875 0.059375
86 0.66875 0.4640625 0.065625 0.0765625
86 0.6703125 0.584375 0.06875 0.065625
86 0.65 0.3796875 0.0140625 0.025
86 0.653125 0.359375 0.0109375 0.0296875
86 0.6796875 0.515625 0.040625 0.0609375
86 0.6703125 0.375 0.021875 0.04375
86 0.715625 0.83125 0.1109375 0.0734375
86 0.715625 0.728125 0.0890625 0.10625
86 0.709375 0.6375 0.075 0.075
86 0.696875 0.5015625 0.04375 0.0578125
86 0.69375 0.40625 0.0359375 0.021875
86 0.690625 0.378125 0.025 0.0234375
86 0.6953125 0.3859375 0.034375 0.028125
86 0.70625 0.55625 0.04375 0.053125
86 0.709375 0.4828125 0.0375 0.05
86 0.721875 0.534375 0.0546875 0.05
86 0.7375 0.6046875 0.0671875 0.084375
86 0.7703125 0.8125 0.1046875 0.1171875
86 0.75 0.5078125 0.04375 0.05625
86 0.7625 0.5796875 0.065625 0.0734375
86 0.7578125 0.3625 0.021875 0.0296875
86 0.76875 0.4859375 0.0421875 0.0421875
86 0.790625 0.665625 0.0828125 0.0796875
86 0.7796875 0.5640625 0.0578125 0.0734375
86 0.778125 0.46875 0.040625 0.0390625
86 0.784375 0.4578125 0.0375 0.0375
86 0.778125 0.3734375 0.025 0.028125
86 0.7875 0.4328125 0.0375 0.021875
86 0.81875 0.7765625 0.0921875 0.1125
86 0.790625 0.39375 0.0328125 0.0296875
86 0.7984375 0.5453125 0.05 0.0671875
86 0.790625 0.40625 0.03125 0.0265625
86 0.790625 0.3828125 0.03125 0.0234375
86 0.79375 0.4171875 0.0359375 0.025
86 0.81875 0.634375 0.0734375 0.084375
86 0.8125 0.5203125 0.053125 0.0453125
86 0.8375 0.8625 0.0796875 0.0234375
86 0.8234375 0.503125 0.0390625 0.0375
86 0.8359375 0.609375 0.0640625 0.075
86 0.828125 0.4875 0.0421875 0.04375
86 0.8375 0.4671875 0.0421875 0.0265625
86 0.840625 0.446875 0.0375 0.0203125
86 0.8421875 0.434375 0.0359375 0.01875
86 0.8515625 0.5875 0.0546875 0.071875
86 0.8625 0.5625 0.0625 0.0734375
86 0.878125 0.7015625 0.0890625 0.0796875
86 0.896875 0.84375 0.10625 0.0609375
86 0.8765625 0.5390625 0.0546875 0.053125
86 0.88125 0.515625 0.053125 0.0375
86 0.8921875 0.5 0.053125 0.0296875
86 0.9078125 0.653125 0.071875 0.075
86 0.9328125 0.8140625 0.1078125 0.1
86 0.9234375 0.615625 0.0671875 0.0546875
86 0.9359375 0.5828125 0.0609375 0.046875
86 0.9453125 0.5609375 0.0578125 0.0296875
86 0.9546875 0.521875 0.0546875 0.03125
86 0.9515625 0.5515625 0.040625 0.0359375
86 0.9625 0.4953125 0.0546875 0.0421875
86 0.959375 0.4625 0.0453125 0.0359375
86 0.9703125 0.7421875 0.059375 0.084375
86 0.9640625 0.48125 0.0453125 0.034375
86 0.98125 0.6875 0.0359375 0.08125
86 0.99375 0.6 0.0109375 0.015625
86 0.9953125 0.571875 0.0078125 0.009375
86 0.996875 0.553125 0.00625 0.0140625
86 0.996875 0.6328125 0.00625 0.0296875
