88 0.5015625 0.490625 0.9015625 0.8359375
88 0.0109375 0.5796875 0.021875 0.0640625
88 0.0140625 0.490625 0.028125 0.08125
88 0.01875 0.4390625 0.0375 0.0625
88 0.0390625 0.359375 0.078125 0.1125
88 0.096875 0.5890625 0.1453125 0.090625
88 0.1046875 0.4984375 0.1453125 0.0890625
88 0.271875 0.296875 0.45625 0.25
88 0.253125 0.484375 0.1875 0.1
88 0.2484375 0.5859375 0.171875 0.1015625
88 0.425 0.490625 0.2109375 0.1359375
88 0.428125 0.5984375 0.175 0.1015625
88 0.6078125 0.2734375 0.2640625 0.171875
88 0.565625 0.5984375 0.1171875 0.1015625
88 0.61875 0.4390625 0.221875 0.08125
88 0.6234375 0.5140625 0.228125 0.08125
88 0.865625 0.6015625 0.2671875 0.1328125
88 0.875 0.4734375 0.2484375 0.1640625
88 0.878125 0.240625 0.240625 0.203125
