86 0.05625 0.628125 0.1109375 0.134375
86 0.1421875 0.50625 0.1078125 0.059375
86 0.2390625 0.6109375 0.125 0.146875
86 0.21875 0.4625 0.0625 0.078125
86 0.246875 0.5890625 0.11875 0.128125
86 0.3078125 0.428125 0.0609375 0.028125
86 0.3203125 0.4984375 0.0828125 0.096875
86 0.36875 0.5171875 0.090625 0.1
86 0.490625 0.5078125 0.090625 0.0953125
86 0.6296875 0.5671875 0.121875 0.1296875
86 0.65625 0.5484375 0.078125 0.128125
86 0.6953125 0.5890625 0.109375 0.115625
86 0.7515625 0.546875 0.0734375 0.121875
86 0.9015625 0.5578125 0.0984375 0.1203125
