86 0.034375 0.675 0.0671875 0.0921875
86 0.03125 0.5671875 0.0234375 0.0390625
86 0.2171875 0.6546875 0.134375 0.1328125
86 0.246875 0.5640625 0.028125 0.0359375
86 0.2640625 0.559375 0.0265625 0.0359375
86 0.3359375 0.56875 0.0203125 0.034375
86 0.371875 0.659375 0.0765625 0.1234375
86 0.4109375 0.6015625 0.0375 0.0546875
86 0.4609375 0.6796875 0.084375 0.0828125
86 0.446875 0.58125 0.0359375 0.034375
86 0.4578125 0.5265625 0.0328125 0.0234375
86 0.5546875 0.5734375 0.0390625 0.0359375
86 0.55 0.534375 0.0171875 0.0171875
86 0.5859375 0.565625 0.04375 0.0484375
86 0.64375 0.5703125 0.046875 0.0625
86 0.66875 0.5296875 0.034375 0.0109375
86 0.703125 0.5828125 0.0671875 0.0359375
86 0.790625 0.6875 0.125 0.065625
86 0.7703125 0.5640625 0.0765625 0.065625
86 0.925 0.665625 0.121875 0.1109375
86 0.9171875 0.628125 0.0703125 0.1375
86 0.98125 0.64375 0.034375 0.1375
