82 0.034375 0.434375 0.0671875 0.25625
82 0.059375 0.4671875 0.1171875 0.2625
82 0.1515625 0.4828125 0.215625 0.2890625
82 0.1625 0.321875 0.09375 0.046875
82 0.3234375 0.490625 0.21875 0.2890625
82 0.3015625 0.4234375 0.1515625 0.23125
82 0.2640625 0.3234375 0.071875 0.1125
82 0.384375 0.265625 0.0703125 0.0171875
82 0.39375 0.2859375 0.084375 0.0375
82 0.61875 0.3953125 0.1671875 0.1578125
82 0.6234375 0.2828125 0.0859375 0.05625
82 0.7421875 0.596875 0.3203125 0.2640625
82 0.7921875 0.7765625 0.4140625 0.1140625
82 0.675 0.2453125 0.065625 0.034375
82 0.696875 0.35 0.059375 0.1609375
82 0.753125 0.3703125 0.1640625 0.1875
82 0.7421875 0.325 0.0703125 0.14375
82 0.753125 0.25 0.078125 0.0234375
82 0.8546875 0.31875 0.1015625 0.16875
82 0.8765625 0.3328125 0.1328125 0.1609375
82 0.95 0.5546875 0.096875 0.3359375
82 0.953125 0.31875 0.09375 0.16875
