88 0.5046875 0.4625 0.88125 0.603125
88 0.1609375 0.23125 0.321875 0.140625
88 0.1046875 0.4734375 0.1984375 0.3421875
88 0.25 0.3734375 0.1375 0.115625
88 0.2125 0.4734375 0.0359375 0.09375
88 0.21875 0.5765625 0.0265625 0.128125
88 0.4828125 0.4734375 0.2671875 0.1046875
88 0.50625 0.2609375 0.315625 0.1296875
88 0.5 0.378125 0.3 0.1328125
88 0.5140625 0.1828125 0.325 0.04375
88 0.6734375 0.4625 0.121875 0.0875
88 0.834375 0.36875 0.3109375 0.121875
88 0.8484375 0.259375 0.3 0.1203125
88 0.8515625 0.1859375 0.2890625 0.05
88 0.85 0.471875 0.265625 0.096875
88 0.9171875 0.571875 0.1421875 0.103125
