85 0.459375 0.5015625 0.90625 0.5796875
85 0.0703125 0.2859375 0.1390625 0.2375
85 0.0984375 0.6609375 0.196875 0.3
85 0.2203125 0.25 0.153125 0.1375
85 0.36875 0.3140625 0.14375 0.1859375
85 0.43125 0.578125 0.2078125 0.1953125
85 0.709375 0.7078125 0.575 0.246875
85 0.484375 0.3203125 0.0828125 0.15625
85 0.5890625 0.3265625 0.140625 0.16875
85 0.653125 0.5515625 0.0875 0.1
85 0.74375 0.5625 0.1015625 0.1
85 0.9296875 0.30625 0.1390625 0.209375
85 0.96875 0.5921875 0.0609375 0.1140625
