88 0.0203125 0.325 0.040625 0.103125
88 0.021875 0.434375 0.04375 0.0921875
88 0.28125 0.6921875 0.5625 0.1703125
88 0.5 0.5 0.9984375 0.5546875
88 0.1734375 0.3234375 0.25625 0.121875
88 0.1875 0.409375 0.2625 0.0890625
88 0.4390625 0.4078125 0.265625 0.0765625
88 0.434375 0.3171875 0.253125 0.09375
88 0.7875 0.6875 0.421875 0.1796875
88 0.7046875 0.4171875 0.2546875 0.0734375
88 0.70625 0.3265625 0.25 0.096875
88 0.915625 0.3265625 0.165625 0.103125
88 0.915625 0.4265625 0.1609375 0.0953125
88 0.95625 0.5078125 0.078125 0.0515625
