85 0.6 0.6109375 0.6625 0.3046875
85 0.25 0.296875 0.0984375 0.0484375
85 0.246875 0.246875 0.0828125 0.040625
85 0.540625 0.4609375 0.484375 0.05625
85 0.325 0.315625 0.05 0.04375
85 0.3984375 0.340625 0.0984375 0.09375
85 0.415625 0.265625 0.0828125 0.0359375
85 0.475 0.2671875 0.0390625 0.034375
85 0.475 0.33125 0.0328125 0.090625
85 0.525 0.2625 0.0625 0.0421875
85 0.509375 0.334375 0.028125 0.0875
85 0.5609375 0.3359375 0.0625 0.0984375
85 0.5734375 0.2578125 0.034375 0.0296875
85 0.6265625 0.253125 0.0703125 0.0375
85 0.684375 0.24375 0.0453125 0.03125
85 0.6859375 0.3296875 0.05 0.1140625
85 0.74375 0.234375 0.075 0.034375
85 0.7453125 0.325 0.0765625 0.128125
85 0.8484375 0.2171875 0.121875 0.053125
85 0.9421875 0.2046875 0.065625 0.05625
