86 0.034375 0.821875 0.06875 0.015625
86 0.071875 0.7640625 0.1109375 0.1296875
86 0.1515625 0.778125 0.1453125 0.1015625
86 0.2359375 0.7578125 0.121875 0.14375
86 0.2828125 0.65 0.0515625 0.034375
86 0.303125 0.7109375 0.0890625 0.1078125
86 0.384375 0.7234375 0.1125 0.1078125
86 0.475 0.7984375 0.2125 0.0640625
86 0.4234375 0.6875 0.06875 0.0671875
86 0.4265625 0.665625 0.065625 0.090625
86 0.4703125 0.7453125 0.1390625 0.0578125
86 0.471875 0.6484375 0.0671875 0.0703125
86 0.5375 0.7171875 0.1046875 0.0453125
86 0.5609375 0.68125 0.096875 0.025
86 0.60625 0.659375 0.065625 0.05
86 0.646875 0.7203125 0.1140625 0.0546875
86 0.65625 0.7796875 0.115625 0.1
86 0.653125 0.6484375 0.053125 0.0328125
86 0.734375 0.7109375 0.090625 0.0984375
86 0.7953125 0.7046875 0.0640625 0.0890625
86 0.940625 0.75 0.1171875 0.1609375
86 0.959375 0.7984375 0.078125 0.0640625
