88 0.55 0.53125 0.0671875 0.0578125
88 0.5515625 0.5015625 0.06875 0.0421875
88 0.553125 0.3625 0.0703125 0.071875
88 0.553125 0.428125 0.0703125 0.0484375
88 0.5546875 0.4 0.071875 0.0578125
88 0.55 0.596875 0.0578125 0.084375
88 0.553125 0.459375 0.0640625 0.0359375
88 0.5546875 0.325 0.0671875 0.0859375
88 0.5515625 0.5640625 0.0578125 0.0671875
88 0.5546875 0.7046875 0.0640625 0.1078125
88 0.5546875 0.63125 0.065625 0.084375
88 0.5578125 0.6625 0.0625 0.0984375
88 0.5875 0.8 0.0234375 0.05625
88 0.5921875 0.7625 0.025 0.06875
88 0.6 0.6421875 0.0375 0.0640625
88 0.6015625 0.4125 0.0375 0.0453125
88 0.596875 0.5953125 0.025 0.0625
88 0.5984375 0.5546875 0.0296875 0.0515625
88 0.5984375 0.7265625 0.0296875 0.071875
88 0.6 0.50625 0.03125 0.046875
88 0.603125 0.2734375 0.0390625 0.0671875
88 0.6015625 0.371875 0.0328125 0.0546875
88 0.603125 0.325 0.034375 0.0578125
88 0.5984375 0.6796875 0.0234375 0.065625
88 0.603125 0.459375 0.0265625 0.040625
88 0.6296875 0.8015625 0.03125 0.0640625
88 0.6359375 0.675 0.04375 0.090625
88 0.6375 0.6234375 0.04375 0.071875
88 0.6390625 0.35 0.046875 0.0796875
88 0.6390625 0.5671875 0.046875 0.065625
88 0.640625 0.296875 0.05 0.0859375
88 0.640625 0.403125 0.05 0.078125
88 0.6359375 0.775 0.0390625 0.084375
88 0.6390625 0.509375 0.0453125 0.0640625
88 0.640625 0.2390625 0.0484375 0.0890625
88 0.640625 0.4625 0.05 0.05625
88 0.634375 0.721875 0.0328125 0.0828125
88 0.6921875 0.2484375 0.071875 0.1015625
88 0.6875 0.809375 0.059375 0.046875
88 0.690625 0.20625 0.065625 0.078125
88 0.6921875 0.6546875 0.065625 0.10625
88 0.6984375 0.384375 0.0765625 0.090625
88 0.6921875 0.778125 0.0609375 0.1109375
88 0.6953125 0.453125 0.0671875 0.06875
88 0.6953125 0.590625 0.0671875 0.0875
88 0.696875 0.315625 0.071875 0.103125
88 0.6921875 0.721875 0.0578125 0.11875
88 0.69375 0.5234375 0.0625 0.078125
