88 0.1828125 0.2515625 0.165625 0.05
88 0.3296875 0.309375 0.1203125 0.05625
88 0.3296875 0.2515625 0.115625 0.059375
88 0.3640625 0.4765625 0.0515625 0.053125
88 0.3671875 0.6 0.059375 0.071875
88 0.3640625 0.41875 0.05 0.059375
88 0.365625 0.534375 0.046875 0.0734375
88 0.36875 0.365625 0.05 0.0640625
88 0.45 0.25625 0.125 0.0609375
88 0.4546875 0.30625 0.125 0.053125
88 0.4546875 0.421875 0.121875 0.0546875
88 0.4140625 0.5375 0.0375 0.059375
88 0.4578125 0.3625 0.1265625 0.059375
88 0.45625 0.4796875 0.1171875 0.065625
88 0.5796875 0.3109375 0.1234375 0.059375
88 0.578125 0.365625 0.1203125 0.05625
88 0.5796875 0.4203125 0.121875 0.0578125
88 0.5796875 0.475 0.121875 0.0515625
88 0.5796875 0.253125 0.1171875 0.0546875
88 0.7015625 0.30625 0.1296875 0.0609375
88 0.675 0.5375 0.0734375 0.0703125
88 0.675 0.421875 0.06875 0.065625
88 0.675 0.475 0.06875 0.0625
88 0.6796875 0.3625 0.06875 0.059375
88 0.70625 0.2515625 0.121875 0.0515625
88 0.8265625 0.25625 0.1203125 0.0625
88 0.940625 0.4171875 0.1171875 0.05625
88 0.9421875 0.475 0.1140625 0.05625
88 0.9421875 0.25625 0.1125 0.0578125
88 0.9421875 0.365625 0.1125 0.0625
88 0.9421875 0.64375 0.1125 0.1578125
88 0.94375 0.5375 0.109375 0.0703125
88 0.9453125 0.3109375 0.1078125 0.0515625
