86 0.0234375 0.5046875 0.0453125 0.0703125
86 0.0625 0.65625 0.1234375 0.240625
86 0.0625 0.76875 0.125 0.2109375
86 0.0609375 0.4859375 0.05625 0.134375
86 0.0421875 0.365625 0.0140625 0.028125
86 0.084375 0.3765625 0.071875 0.05625
86 0.0875 0.409375 0.0796875 0.1046875
86 0.0953125 0.4375 0.0578125 0.11875
86 0.140625 0.3515625 0.0625 0.0875
86 0.196875 0.3546875 0.059375 0.0546875
86 0.3828125 0.840625 0.275 0.065625
86 0.61875 0.69375 0.2078125 0.3171875
86 0.734375 0.60625 0.1828125 0.2578125
