86 0.0125 0.534375 0.025 0.1
86 0.0578125 0.6921875 0.1140625 0.25
86 0.109375 0.7859375 0.21875 0.0625
86 0.0296875 0.36875 0.0328125 0.025
86 0.121875 0.721875 0.2 0.190625
86 0.05625 0.3734375 0.0375 0.015625
86 0.1125 0.353125 0.021875 0.0125
86 0.278125 0.4109375 0.0171875 0.028125
86 0.371875 0.39375 0.0375 0.021875
86 0.4625 0.384375 0.0140625 0.021875
86 0.534375 0.3140625 0.015625 0.0125
86 0.5625 0.3703125 0.05 0.028125
86 0.571875 0.31875 0.0171875 0.009375
86 0.5828125 0.315625 0.015625 0.009375
86 0.603125 0.3125 0.01875 0.0140625
86 0.7953125 0.365625 0.0171875 0.0203125
86 0.8234375 0.3109375 0.021875 0.0140625
86 0.903125 0.3734375 0.0375 0.0265625
86 0.9296875 0.3078125 0.0140625 0.0125
