86 0.61875 0.7015625 0.1234375 0.2203125
86 0.1359375 0.5109375 0.271875 0.1203125
86 0.0875 0.6765625 0.1546875 0.184375
86 0.203125 0.6953125 0.1640625 0.203125
86 0.35625 0.70625 0.15625 0.2125
86 0.453125 0.4921875 0.0765625 0.1015625
86 0.5015625 0.7203125 0.1484375 0.203125
86 0.5078125 0.5421875 0.05625 0.04375
86 0.5421875 0.45625 0.0328125 0.0359375
86 0.6015625 0.4921875 0.0390625 0.0109375
86 0.6296875 0.5796875 0.0890625 0.1203125
86 0.671875 0.478125 0.0234375 0.0375
86 0.703125 0.53125 0.0625 0.0859375
86 0.71875 0.4875 0.0375 0.0515625
86 0.7578125 0.4953125 0.0375 0.0640625
86 0.8859375 0.6484375 0.225 0.2890625
86 0.7890625 0.4828125 0.015625 0.0375
86 0.80625 0.48125 0.0125 0.025
86 0.84375 0.4765625 0.040625 0.0234375
86 0.8984375 0.490625 0.0234375 0.0265625
