86 0.128125 0.7484375 0.190625 0.1578125
86 0.015625 0.5625 0.03125 0.05625
86 0.0234375 0.640625 0.0453125 0.0796875
86 0.0578125 0.55625 0.0796875 0.0765625
86 0.109375 0.5328125 0.0484375 0.0484375
86 0.15625 0.5328125 0.053125 0.03125
86 0.24375 0.553125 0.0671875 0.0703125
86 0.2828125 0.8140625 0.090625 0.0390625
86 0.321875 0.7578125 0.115625 0.15
86 0.3421875 0.6265625 0.1234375 0.128125
86 0.35 0.6875 0.1296875 0.134375
86 0.325 0.55 0.0375 0.0453125
86 0.3453125 0.521875 0.0234375 0.0484375
86 0.3625 0.5265625 0.021875 0.0640625
86 0.409375 0.5984375 0.04375 0.0890625
86 0.475 0.6671875 0.1171875 0.16875
86 0.4578125 0.5359375 0.0390625 0.0578125
86 0.5671875 0.7296875 0.1421875 0.1953125
86 0.5390625 0.5609375 0.0265625 0.046875
86 0.5953125 0.6 0.040625 0.0453125
86 0.6484375 0.634375 0.1046875 0.1125
86 0.7234375 0.675 0.10625 0.13125
86 0.7328125 0.7984375 0.125 0.0703125
86 0.8984375 0.7359375 0.103125 0.15
86 0.990625 0.4921875 0.015625 0.0375
