88 0.303125 0.21875 0.284375 0.0578125
88 0.303125 0.353125 0.2828125 0.053125
88 0.3046875 0.284375 0.284375 0.059375
88 0.30625 0.175 0.284375 0.015625
88 0.2734375 0.4828125 0.2140625 0.053125
88 0.2890625 0.41875 0.234375 0.046875
88 0.596875 0.2234375 0.278125 0.065625
88 0.5734375 0.29375 0.2234375 0.0640625
88 0.6 0.178125 0.278125 0.0203125
88 0.5296875 0.3421875 0.1265625 0.040625
88 0.871875 0.178125 0.2546875 0.0203125
88 0.8734375 0.353125 0.253125 0.05625
88 0.8734375 0.23125 0.2515625 0.0671875
88 0.8765625 0.290625 0.2453125 0.06875
