86 0.04375 0.496875 0.059375 0.1484375
86 0.1203125 0.5265625 0.1265625 0.175
86 0.1359375 0.4234375 0.046875 0.059375
86 0.2734375 0.5265625 0.0859375 0.1625
86 0.340625 0.5953125 0.084375 0.134375
86 0.38125 0.765625 0.1265625 0.18125
86 0.5578125 0.4984375 0.0421875 0.06875
86 0.5859375 0.459375 0.053125 0.128125
86 0.7 0.4765625 0.1046875 0.134375
86 0.8609375 0.809375 0.225 0.0890625
86 0.8 0.3890625 0.028125 0.021875
86 0.8203125 0.409375 0.01875 0.0359375
86 0.8984375 0.49375 0.0359375 0.134375
86 0.9484375 0.5453125 0.065625 0.140625
