86 0.0625 0.6671875 0.125 0.140625
86 0.0921875 0.7328125 0.184375 0.28125
86 0.1671875 0.6203125 0.115625 0.1625
86 0.30625 0.7953125 0.259375 0.1375
86 0.3 0.64375 0.1625 0.1953125
86 0.3265625 0.584375 0.090625 0.1640625
86 0.3375 0.4953125 0.0328125 0.00625
86 0.375 0.6015625 0.1078125 0.1703125
86 0.4640625 0.5609375 0.096875 0.1359375
86 0.55 0.7046875 0.2359375 0.203125
86 0.4640625 0.4984375 0.0484375 0.034375
86 0.5453125 0.6390625 0.1796875 0.1828125
86 0.6109375 0.584375 0.0890625 0.1171875
86 0.759375 0.71875 0.2328125 0.2109375
86 0.75625 0.646875 0.1859375 0.1921875
86 0.859375 0.803125 0.2484375 0.1421875
86 0.83125 0.5671875 0.0953125 0.09375
