88 0.046875 0.1859375 0.0921875 0.0359375
88 0.0484375 0.253125 0.0953125 0.0375
88 0.0484375 0.3234375 0.0953125 0.025
88 0.0484375 0.3828125 0.0953125 0.025
88 0.0484375 0.3078125 0.0953125 0.028125
88 0.0484375 0.34375 0.0953125 0.025
88 0.0484375 0.225 0.096875 0.034375
88 0.05 0.2859375 0.0984375 0.03125
88 0.0484375 0.3609375 0.0953125 0.0171875
88 0.1609375 0.740625 0.303125 0.1859375
88 0.6359375 0.74375 0.634375 0.1796875
88 0.4234375 0.5671875 0.1890625 0.05
88 0.4328125 0.46875 0.1734375 0.0421875
88 0.74375 0.4015625 0.48125 0.04375
88 0.725 0.6703125 0.4375 0.1203125
88 0.7375 0.5421875 0.4640625 0.1
88 0.746875 0.471875 0.475 0.0640625
88 0.7546875 0.325 0.4875 0.0671875
88 0.740625 0.6015625 0.440625 0.115625
