86 0.0859375 0.7671875 0.0375 0.0265625
86 0.1890625 0.8015625 0.0609375 0.0296875
86 0.2203125 0.7859375 0.0390625 0.0609375
86 0.2296875 0.7453125 0.05625 0.021875
86 0.2671875 0.7875 0.06875 0.0609375
86 0.3140625 0.765625 0.0421875 0.0765625
86 0.3578125 0.7875 0.0875 0.059375
86 0.375 0.7609375 0.071875 0.059375
86 0.421875 0.7671875 0.0640625 0.075
86 0.428125 0.7390625 0.053125 0.0625
86 0.4828125 0.7515625 0.0546875 0.0703125
86 0.484375 0.765625 0.053125 0.0703125
86 0.4890625 0.721875 0.053125 0.05
86 0.553125 0.7390625 0.0421875 0.0578125
86 0.565625 0.709375 0.046875 0.05
86 0.565625 0.725 0.0484375 0.065625
86 0.6046875 0.7125 0.0265625 0.053125
86 0.621875 0.71875 0.0421875 0.0546875
