86 0.134375 0.53125 0.0359375 0.0375
86 0.1453125 0.51875 0.025 0.0203125
86 0.1703125 0.68125 0.0625 0.159375
86 0.259375 0.5484375 0.103125 0.0609375
86 0.315625 0.5828125 0.0359375 0.025
86 0.34375 0.559375 0.084375 0.0765625
86 0.3828125 0.4984375 0.0328125 0.0109375
86 0.4171875 0.553125 0.0765625 0.071875
86 0.44375 0.571875 0.0703125 0.03125
86 0.44375 0.4953125 0.028125 0.0125
86 0.5015625 0.546875 0.0703125 0.0703125
86 0.509375 0.4921875 0.04375 0.0171875
86 0.55 0.5578125 0.078125 0.0203125
86 0.578125 0.5359375 0.0625 0.0546875
86 0.609375 0.4953125 0.0203125 0.0140625
86 0.6515625 0.553125 0.06875 0.0203125
86 0.759375 0.734375 0.1296875 0.2140625
86 0.7328125 0.54375 0.0640625 0.028125
86 0.8765625 0.7203125 0.1078125 0.2125
86 0.8984375 0.5484375 0.065625 0.03125
86 0.9375 0.70625 0.0921875 0.20625
86 0.9578125 0.5625 0.05 0.0359375
