86 0.08125 0.6171875 0.1625 0.190625
86 0.025 0.4828125 0.0359375 0.059375
86 0.125 0.4703125 0.0390625 0.0875
86 0.2109375 0.6125 0.1359375 0.2375
86 0.2265625 0.4296875 0.025 0.0328125
86 0.25625 0.459375 0.0578125 0.05625
86 0.3296875 0.6875 0.20625 0.3171875
86 0.3015625 0.434375 0.053125 0.0671875
86 0.39375 0.434375 0.0390625 0.071875
86 0.521875 0.6609375 0.225 0.3203125
86 0.5234375 0.4515625 0.059375 0.1109375
86 0.69375 0.5703125 0.1578125 0.2296875
86 0.7453125 0.3625 0.0609375 0.0546875
86 0.8203125 0.5421875 0.2 0.2140625
86 0.8625 0.728125 0.2734375 0.2921875
86 0.8703125 0.353125 0.05 0.0734375
86 0.9609375 0.5046875 0.0765625 0.196875
