86 0.025 0.6453125 0.0484375 0.14375
86 0.0296875 0.54375 0.0578125 0.128125
86 0.0484375 0.478125 0.0875 0.046875
86 0.1171875 0.484375 0.0609375 0.0609375
86 0.165625 0.5765625 0.109375 0.1453125
86 0.24375 0.4953125 0.05625 0.08125
86 0.2890625 0.5328125 0.1046875 0.1203125
86 0.396875 0.5859375 0.128125 0.165625
86 0.515625 0.6421875 0.140625 0.178125
86 0.4953125 0.565625 0.0796875 0.1625
86 0.65625 0.61875 0.153125 0.171875
86 0.6578125 0.565625 0.1203125 0.1375
86 0.725 0.715625 0.171875 0.234375
86 0.7890625 0.8046875 0.1234375 0.0546875
86 0.784375 0.559375 0.065625 0.075
86 0.8484375 0.5359375 0.1015625 0.08125
86 0.9 0.5765625 0.0484375 0.0125
86 0.925 0.56875 0.05625 0.0203125
86 0.9515625 0.5375 0.04375 0.075
