86 0.0171875 0.484375 0.034375 0.115625
86 0.059375 0.5796875 0.1171875 0.21875
86 0.1890625 0.5140625 0.1296875 0.103125
86 0.4453125 0.4859375 0.1078125 0.109375
86 0.5125 0.49375 0.1140625 0.1109375
86 0.6125 0.503125 0.0859375 0.1046875
86 0.625 0.43125 0.0609375 0.0265625
86 0.6578125 0.428125 0.0671875 0.0390625
86 0.728125 0.5578125 0.13125 0.1859375
86 0.728125 0.4421875 0.06875 0.0265625
86 0.7296875 0.4265625 0.0578125 0.0234375
86 0.759375 0.4046875 0.0375 0.0171875
86 0.7890625 0.4265625 0.05 0.0546875
86 0.825 0.475 0.0875 0.1078125
86 0.871875 0.4375 0.05 0.065625
86 0.9015625 0.484375 0.0921875 0.115625
86 0.9296875 0.696875 0.1375 0.165625
