88 0.203125 0.9015625 0.196875 0.1953125
88 0.2078125 0.7140625 0.203125 0.190625
88 0.2125 0.528125 0.196875 0.1890625
88 0.2203125 0.346875 0.18125 0.1734375
88 0.396875 0.715625 0.1984375 0.1921875
88 0.3921875 0.528125 0.18125 0.18125
88 0.396875 0.3640625 0.184375 0.1546875
88 0.4015625 0.8953125 0.190625 0.1921875
88 0.571875 0.36875 0.1734375 0.165625
88 0.578125 0.53125 0.1859375 0.16875
88 0.58125 0.89375 0.1859375 0.2046875
88 0.584375 0.7125 0.190625 0.1796875
88 0.825 0.3875 0.1421875 0.159375
88 0.8328125 0.546875 0.128125 0.1578125
88 0.8375 0.7125 0.1171875 0.1703125
88 0.8421875 0.8890625 0.10625 0.19375
