89 0.0359375 0.6046875 0.071875 0.0265625
89 0.0359375 0.6265625 0.071875 0.0421875
89 0.0390625 0.5796875 0.0765625 0.021875
89 0.040625 0.65625 0.08125 0.046875
89 0.175 0.5984375 0.15 0.0359375
89 0.303125 0.596875 0.0671875 0.0515625
89 0.30625 0.6234375 0.065625 0.034375
89 0.30625 0.7078125 0.0578125 0.0453125
89 0.3078125 0.571875 0.0578125 0.01875
89 0.3078125 0.6484375 0.0578125 0.028125
89 0.309375 0.6796875 0.059375 0.0375
89 0.4046875 0.5484375 0.2453125 0.0421875
89 0.4546875 0.584375 0.140625 0.0421875
89 0.7390625 0.590625 0.5203125 0.125
89 0.7390625 0.796875 0.5203125 0.1546875
89 0.740625 0.6734375 0.515625 0.125
89 0.74375 0.740625 0.5125 0.1453125
