86 0.075 0.5734375 0.115625 0.19375
86 0.121875 0.5390625 0.0828125 0.14375
86 0.1890625 0.4625 0.059375 0.0859375
86 0.2171875 0.484375 0.0671875 0.1
86 0.284375 0.4515625 0.034375 0.0765625
86 0.3109375 0.46875 0.040625 0.0890625
86 0.36875 0.496875 0.065625 0.11875
86 0.440625 0.51875 0.0796875 0.121875
86 0.46875 0.440625 0.0453125 0.0265625
86 0.490625 0.6171875 0.078125 0.2328125
86 0.528125 0.5 0.0625 0.115625
86 0.5828125 0.6578125 0.1125 0.2046875
86 0.690625 0.703125 0.1421875 0.1140625
