86 0.2671875 0.89375 0.1109375 0.075
86 0.2703125 0.81875 0.109375 0.078125
86 0.29375 0.70625 0.0890625 0.084375
86 0.2859375 0.625 0.0515625 0.0546875
86 0.325 0.6 0.0546875 0.0609375
86 0.425 0.60625 0.0484375 0.0640625
86 0.4703125 0.75625 0.065625 0.109375
86 0.4984375 0.778125 0.071875 0.1125
86 0.525 0.8546875 0.08125 0.153125
86 0.5265625 0.5859375 0.0515625 0.05625
86 0.5765625 0.615625 0.0484375 0.071875
86 0.61875 0.646875 0.078125 0.0890625
86 0.628125 0.58125 0.040625 0.03125
86 0.6890625 0.6046875 0.05 0.025
