88 0.23125 0.38125 0.1453125 0.065625
88 0.240625 0.440625 0.15625 0.05625
88 0.2359375 0.3046875 0.1390625 0.071875
88 0.253125 0.5421875 0.125 0.140625
88 0.328125 0.515625 0.0703125 0.115625
88 0.328125 0.384375 0.053125 0.0546875
88 0.3296875 0.325 0.0546875 0.0671875
88 0.378125 0.3265625 0.0515625 0.0546875
88 0.3828125 0.4796875 0.053125 0.046875
88 0.378125 0.38125 0.0390625 0.05625
88 0.378125 0.4359375 0.034375 0.0453125
88 0.515625 0.3765625 0.0484375 0.0328125
88 0.51875 0.409375 0.053125 0.0421875
88 0.55 0.378125 0.0234375 0.028125
88 0.55625 0.409375 0.0265625 0.0359375
88 0.5921875 0.353125 0.05625 0.0328125
88 0.59375 0.4109375 0.0609375 0.034375
88 0.6 0.3828125 0.0578125 0.03125
88 0.6453125 0.3546875 0.0625 0.0265625
88 0.646875 0.4140625 0.059375 0.034375
88 0.6453125 0.3828125 0.0546875 0.0296875
88 0.703125 0.4125 0.059375 0.0390625
88 0.703125 0.3828125 0.05625 0.0328125
88 0.703125 0.3546875 0.0515625 0.0265625
88 0.7578125 0.3578125 0.059375 0.025
88 0.7625 0.44375 0.0703125 0.0359375
88 0.7609375 0.3859375 0.0640625 0.03125
88 0.7625 0.4171875 0.065625 0.040625
