86 0.390625 0.7265625 0.1453125 0.184375
86 0.025 0.5515625 0.05 0.075
86 0.0546875 0.6984375 0.109375 0.1328125
86 0.071875 0.834375 0.1421875 0.0796875
86 0.1765625 0.775 0.1734375 0.1984375
86 0.134375 0.5375 0.065625 0.0546875
86 0.2390625 0.5671875 0.059375 0.065625
86 0.303125 0.6640625 0.1140625 0.1734375
86 0.359375 0.5375 0.046875 0.05
86 0.43125 0.56875 0.046875 0.046875
86 0.4734375 0.596875 0.0875 0.10625
86 0.6484375 0.6921875 0.1203125 0.1859375
86 0.834375 0.6796875 0.1328125 0.140625
86 0.9203125 0.6515625 0.0984375 0.121875
86 0.934375 0.6375 0.084375 0.10625
