88 0.071875 0.5 0.1421875 0.284375
88 0.0734375 0.265625 0.1453125 0.2796875
88 0.075 0.74375 0.1484375 0.2609375
88 0.10625 0.159375 0.09375 0.0671875
88 0.1140625 0.8390625 0.075 0.06875
88 0.2078125 0.31875 0.1421875 0.234375
88 0.2109375 0.2140625 0.1453125 0.1765625
88 0.2125 0.4984375 0.1375 0.2171875
88 0.2125 0.6859375 0.1390625 0.23125
88 0.215625 0.7828125 0.1328125 0.18125
88 0.31875 0.8 0.078125 0.146875
88 0.3140625 0.38125 0.0671875 0.1390625
88 0.3140625 0.61875 0.0671875 0.146875
88 0.3171875 0.7296875 0.0734375 0.18125
88 0.315625 0.2859375 0.0640625 0.1421875
88 0.315625 0.496875 0.0609375 0.1421875
88 0.3640625 0.33125 0.040625 0.103125
88 0.365625 0.4953125 0.0453125 0.0953125
88 0.3671875 0.409375 0.0421875 0.0953125
88 0.36875 0.5828125 0.040625 0.0984375
88 0.371875 0.6640625 0.04375 0.121875
88 0.378125 0.7375 0.0484375 0.128125
88 0.4046875 0.496875 0.040625 0.0671875
88 0.403125 0.375 0.034375 0.0796875
88 0.4078125 0.5578125 0.0421875 0.06875
88 0.4078125 0.434375 0.034375 0.0796875
88 0.4078125 0.6109375 0.034375 0.084375
88 0.4109375 0.665625 0.028125 0.0796875
88 0.453125 0.434375 0.025 0.0359375
88 0.453125 0.528125 0.025 0.0421875
88 0.4546875 0.459375 0.025 0.0359375
88 0.453125 0.5546875 0.0203125 0.05
88 0.453125 0.5921875 0.0171875 0.05625
88 0.45625 0.6265625 0.01875 0.053125
88 0.4546875 0.4953125 0.0140625 0.040625
88 0.553125 0.4609375 0.021875 0.0421875
88 0.553125 0.525 0.021875 0.0390625
88 0.5546875 0.434375 0.0171875 0.034375
88 0.553125 0.5765625 0.0140625 0.0484375
88 0.5546875 0.49375 0.0171875 0.0375
88 0.5546875 0.6265625 0.009375 0.0640625
88 0.5578125 0.553125 0.0140625 0.034375
88 0.75625 0.721875 0.34375 0.3015625
88 0.64375 0.771875 0.103125 0.2
88 0.678125 0.75 0.1703125 0.240625
88 0.7953125 0.5078125 0.40625 0.2796875
88 0.796875 0.696875 0.403125 0.3546875
88 0.79375 0.2671875 0.39375 0.2828125
88 0.7984375 0.3015625 0.403125 0.3453125
88 0.93125 0.7375 0.1234375 0.271875
88 0.934375 0.509375 0.121875 0.284375
