86 0.51875 0.7484375 0.134375 0.2296875
86 0.0296875 0.5359375 0.0171875 0.0734375
86 0.053125 0.5328125 0.015625 0.065625
86 0.0875 0.559375 0.0390625 0.0921875
86 0.1390625 0.6109375 0.0734375 0.1265625
86 0.1953125 0.7015625 0.0484375 0.1828125
86 0.2921875 0.7625 0.171875 0.2234375
86 0.2625 0.50625 0.03125 0.0140625
86 0.3140625 0.5828125 0.05625 0.0640625
86 0.3671875 0.5109375 0.0265625 0.04375
86 0.3890625 0.5828125 0.065625 0.0421875
86 0.475 0.5671875 0.06875 0.0546875
86 0.5328125 0.534375 0.0234375 0.025
86 0.5578125 0.578125 0.0234375 0.0234375
86 0.5875 0.5609375 0.0625 0.0671875
86 0.69375 0.7578125 0.1796875 0.2328125
86 0.659375 0.565625 0.0578125 0.065625
86 0.790625 0.7046875 0.065625 0.225
86 0.7765625 0.5484375 0.021875 0.0203125
86 0.8515625 0.6296875 0.125 0.1671875
86 0.890625 0.534375 0.0515625 0.0453125
86 0.9609375 0.5296875 0.0375 0.0390625
86 0.9734375 0.659375 0.0484375 0.1625
