88 0.2953125 0.49375 0.0578125 0.028125
88 0.2984375 0.46875 0.05625 0.0234375
88 0.346875 0.4703125 0.0328125 0.021875
88 0.3953125 0.46875 0.0640625 0.0234375
88 0.4625 0.6546875 0.034375 0.040625
88 0.4640625 0.6203125 0.0328125 0.0328125
88 0.4625 0.5796875 0.0296875 0.0390625
88 0.465625 0.54375 0.034375 0.0375
88 0.4671875 0.4703125 0.0390625 0.0265625
88 0.4671875 0.509375 0.025 0.0328125
88 0.471875 0.4375 0.0296875 0.025
88 0.5109375 0.675 0.0625 0.05
88 0.509375 0.59375 0.05625 0.046875
88 0.509375 0.553125 0.053125 0.040625
88 0.509375 0.6375 0.04375 0.040625
88 0.5140625 0.5109375 0.0515625 0.0390625
88 0.51875 0.46875 0.053125 0.0328125
88 0.5203125 0.4265625 0.053125 0.03125
88 0.565625 0.6546875 0.059375 0.0578125
88 0.56875 0.6984375 0.0640625 0.05625
88 0.571875 0.6078125 0.0609375 0.0546875
88 0.5734375 0.5640625 0.0515625 0.0375
88 0.578125 0.5203125 0.0578125 0.05
88 0.5796875 0.475 0.0625 0.040625
88 0.9484375 0.8203125 0.1015625 0.1078125
88 0.959375 0.725 0.08125 0.121875
88 0.9625 0.640625 0.071875 0.05
