88 0.021875 0.4265625 0.04375 0.071875
88 0.021875 0.503125 0.04375 0.0890625
88 0.0296875 0.3625 0.0578125 0.0609375
88 0.0703125 0.6171875 0.134375 0.0984375
88 0.0828125 0.50625 0.13125 0.084375
88 0.09375 0.425 0.1265625 0.075
88 0.1078125 0.3609375 0.1140625 0.0578125
88 0.1921875 0.6171875 0.13125 0.0984375
88 0.2015625 0.4234375 0.1140625 0.0890625
88 0.2046875 0.5046875 0.1203125 0.08125
88 0.21875 0.359375 0.1140625 0.05625
88 0.6734375 0.3578125 0.1125 0.053125
88 0.7046875 0.41875 0.084375 0.0890625
88 0.7140625 0.5015625 0.08125 0.0859375
88 0.7359375 0.59375 0.0296875 0.04375
88 0.784375 0.3640625 0.1203125 0.0640625
88 0.7984375 0.425 0.1421875 0.0859375
88 0.80625 0.5078125 0.1234375 0.0921875
88 0.8171875 0.615625 0.1171875 0.1
88 0.896875 0.35625 0.1203125 0.05
88 0.9078125 0.4234375 0.1171875 0.0921875
88 0.921875 0.509375 0.134375 0.0859375
88 0.9390625 0.61875 0.1140625 0.0953125
88 0.978125 0.4265625 0.0359375 0.084375
88 0.9796875 0.3578125 0.0328125 0.053125
88 0.9859375 0.5015625 0.021875 0.0921875
