80 0.85 0.6109375 0.296875 0.2828125
80 0.1078125 0.8078125 0.215625 0.1296875
80 0.15 0.63125 0.3 0.259375
80 0.165625 0.48125 0.3296875 0.21875
80 0.228125 0.4359375 0.2578125 0.1578125
80 0.2640625 0.421875 0.1921875 0.146875
80 0.2984375 0.4015625 0.1640625 0.1171875
80 0.584375 0.3828125 0.10625 0.0578125
80 0.6171875 0.425 0.159375 0.1171875
80 0.6640625 0.4375 0.2390625 0.1484375
80 0.76875 0.48125 0.3453125 0.209375
80 0.85 0.6109375 0.296875 0.2828125
80 0.1078125 0.8078125 0.215625 0.1296875
80 0.15 0.63125 0.3 0.259375
80 0.165625 0.48125 0.3296875 0.21875
80 0.228125 0.4359375 0.2578125 0.1578125
80 0.2640625 0.421875 0.1921875 0.146875
80 0.2984375 0.4015625 0.1640625 0.1171875
80 0.584375 0.3828125 0.10625 0.0578125
80 0.6171875 0.425 0.159375 0.1171875
80 0.6640625 0.4375 0.2390625 0.1484375
80 0.76875 0.48125 0.3453125 0.209375
