86 0.034375 0.703125 0.06875 0.0359375
86 0.0359375 0.65625 0.071875 0.1015625
86 0.04375 0.6390625 0.0875 0.1390625
86 0.090625 0.54375 0.0515625 0.0125
86 0.109375 0.6265625 0.0703125 0.140625
86 0.153125 0.6421875 0.103125 0.1484375
86 0.24375 0.684375 0.1484375 0.0515625
86 0.2421875 0.59375 0.0609375 0.075
86 0.2734375 0.6265625 0.0828125 0.1015625
86 0.2765625 0.56875 0.028125 0.071875
86 0.421875 0.5453125 0.0359375 0.015625
86 0.54375 0.56875 0.0375 0.0359375
86 0.5703125 0.6359375 0.0828125 0.1234375
86 0.5984375 0.7203125 0.0484375 0.0734375
86 0.6375 0.790625 0.121875 0.08125
86 0.6375 0.653125 0.1 0.1375
86 0.6359375 0.5828125 0.0421875 0.08125
86 0.6390625 0.5375 0.028125 0.0078125
86 0.6703125 0.5546875 0.025 0.0359375
86 0.7 0.61875 0.075 0.121875
86 0.7078125 0.553125 0.0296875 0.03125
86 0.7421875 0.5421875 0.0296875 0.034375
86 0.7546875 0.596875 0.05625 0.071875
86 0.79375 0.6828125 0.115625 0.15625
86 0.775 0.55625 0.0421875 0.03125
86 0.790625 0.53125 0.034375 0.009375
86 0.8421875 0.671875 0.121875 0.15
86 0.8421875 0.5359375 0.0234375 0.0109375
86 0.8546875 0.5578125 0.028125 0.034375
86 0.8828125 0.584375 0.046875 0.040625
86 0.88125 0.546875 0.0265625 0.04375
86 0.94375 0.7609375 0.109375 0.140625
86 0.9125 0.553125 0.040625 0.0515625
86 0.94375 0.675 0.0984375 0.0953125
86 0.9609375 0.671875 0.0765625 0.071875
86 0.9484375 0.553125 0.034375 0.0375
