86 0.265625 0.7484375 0.1953125 0.165625
86 0.0078125 0.4875 0.0140625 0.0421875
86 0.0484375 0.659375 0.096875 0.1125
86 0.084375 0.759375 0.1671875 0.14375
86 0.0234375 0.5328125 0.0421875 0.0859375
86 0.04375 0.5734375 0.0453125 0.0953125
86 0.2171875 0.565625 0.05625 0.084375
86 0.234375 0.4796875 0.0046875 0.0265625
86 0.2453125 0.48125 0.015625 0.034375
86 0.3015625 0.4671875 0.01875 0.01875
86 0.3734375 0.5046875 0.0328125 0.040625
86 0.375 0.534375 0.0203125 0.05625
86 0.5578125 0.725 0.1328125 0.2140625
86 0.5078125 0.4703125 0.0328125 0.0265625
86 0.575 0.4953125 0.021875 0.009375
86 0.6046875 0.503125 0.021875 0.028125
86 0.8 0.4671875 0.0234375 0.0171875
86 0.878125 0.628125 0.1171875 0.1859375
86 0.9125 0.6078125 0.1015625 0.1765625
86 0.9296875 0.584375 0.0984375 0.15625
86 0.934375 0.471875 0.0234375 0.028125
86 0.95625 0.4609375 0.01875 0.021875
86 0.978125 0.5671875 0.04375 0.06875
