86 0.01875 0.6734375 0.0375 0.1109375
86 0.046875 0.80625 0.09375 0.1375
86 0.0890625 0.6859375 0.11875 0.1234375
86 0.071875 0.6515625 0.06875 0.096875
86 0.1828125 0.69375 0.1046875 0.125
86 0.28125 0.8234375 0.1796875 0.1015625
86 0.2640625 0.6671875 0.08125 0.1046875
86 0.4421875 0.715625 0.1140625 0.1484375
86 0.478125 0.6859375 0.0890625 0.1234375
86 0.53125 0.6984375 0.0859375 0.13125
86 0.546875 0.7234375 0.1046875 0.1359375
86 0.6078125 0.6953125 0.1078125 0.121875
86 0.734375 0.6875 0.1015625 0.1078125
86 0.7765625 0.728125 0.096875 0.140625
86 0.8390625 0.7625 0.1109375 0.1625
86 0.965625 0.715625 0.06875 0.1125
