86 0.190625 0.778125 0.25 0.1921875
86 0.0359375 0.65625 0.0546875 0.0828125
86 0.0390625 0.771875 0.0203125 0.0375
86 0.05625 0.53125 0.025 0.0390625
86 0.0734375 0.6046875 0.0390625 0.0703125
86 0.0921875 0.621875 0.028125 0.0546875
86 0.2609375 0.540625 0.0515625 0.028125
86 0.296875 0.5546875 0.028125 0.04375
86 0.325 0.615625 0.053125 0.09375
86 0.45 0.51875 0.05625 0.1171875
86 0.4828125 0.41875 0.0265625 0.0140625
86 0.4859375 0.4328125 0.00625 0.0140625
86 0.60625 0.7453125 0.2484375 0.2578125
86 0.553125 0.5265625 0.10625 0.13125
86 0.5921875 0.521875 0.0671875 0.13125
86 0.73125 0.73125 0.225 0.2859375
86 0.70625 0.5140625 0.0671875 0.1359375
86 0.946875 0.5390625 0.1015625 0.1515625
86 0.9671875 0.521875 0.0640625 0.1296875
86 0.9859375 0.4828125 0.0265625 0.0671875
86 0.9953125 0.46875 0.0046875 0.0484375
