88 0.5109375 0.5921875 0.271875 0.25625
88 0.2796875 0.575 0.0609375 0.06875
88 0.2859375 0.3984375 0.0578125 0.0484375
88 0.2875 0.5140625 0.05625 0.0453125
88 0.2921875 0.4546875 0.0640625 0.0625
88 0.3 0.615625 0.028125 0.0125
88 0.36875 0.4734375 0.0859375 0.028125
88 0.36875 0.590625 0.0734375 0.0484375
88 0.384375 0.509375 0.075 0.0265625
88 0.3765625 0.6296875 0.05625 0.03125
88 0.3828125 0.5515625 0.0578125 0.03125
88 0.859375 0.171875 0.203125 0.1390625
88 0.86875 0.246875 0.21875 0.1359375
88 0.8671875 0.4 0.20625 0.115625
88 0.8703125 0.48125 0.209375 0.109375
88 0.8671875 0.65625 0.2 0.0890625
88 0.8703125 0.3140625 0.20625 0.1140625
88 0.86875 0.5703125 0.1859375 0.075
