86 0.0515625 0.7 0.103125 0.0578125
86 0.0734375 0.75 0.0734375 0.059375
86 0.1296875 0.6859375 0.0546875 0.0453125
86 0.134375 0.6140625 0.0328125 0.0109375
86 0.2484375 0.721875 0.06875 0.0765625
86 0.228125 0.671875 0.025 0.034375
86 0.2890625 0.7515625 0.0859375 0.0453125
86 0.284375 0.659375 0.04375 0.0328125
86 0.315625 0.7015625 0.053125 0.0546875
86 0.3453125 0.6515625 0.0640625 0.0328125
86 0.365625 0.684375 0.05 0.05
86 0.40625 0.66875 0.0421875 0.0328125
86 0.40625 0.646875 0.03125 0.0140625
86 0.446875 0.6703125 0.0375 0.0421875
86 0.4765625 0.6609375 0.0296875 0.0359375
86 0.503125 0.69375 0.05 0.0390625
86 0.5046875 0.65625 0.04375 0.04375
86 0.5390625 0.6796875 0.0265625 0.0375
86 0.5578125 0.646875 0.021875 0.04375
86 0.578125 0.6703125 0.025 0.0390625
86 0.5765625 0.640625 0.01875 0.025
86 0.59375 0.63125 0.021875 0.0328125
86 0.603125 0.6578125 0.021875 0.0375
86 0.6515625 0.64375 0.0328125 0.028125
86 0.6734375 0.640625 0.0125 0.025
86 0.6875 0.6375 0.0125 0.01875
86 0.734375 0.75625 0.05625 0.0375
86 0.8140625 0.7515625 0.090625 0.059375
86 0.8140625 0.6453125 0.0328125 0.025
86 0.8203125 0.6796875 0.0375 0.025
86 0.8640625 0.715625 0.0640625 0.1140625
86 0.86875 0.65625 0.0390625 0.03125
