86 0.084375 0.7765625 0.1015625 0.0703125
86 0.05 0.69375 0.0265625 0.025
86 0.0703125 0.7078125 0.028125 0.0296875
86 0.08125 0.6953125 0.0234375 0.0234375
86 0.1046875 0.75625 0.046875 0.0875
86 0.10625 0.7078125 0.0421875 0.0171875
86 0.1625 0.7140625 0.05 0.0671875
86 0.2359375 0.728125 0.0765625 0.05
86 0.2859375 0.7875 0.0984375 0.0859375
86 0.2953125 0.6984375 0.034375 0.0375
86 0.3265625 0.6578125 0.025 0.0171875
86 0.3390625 0.6875 0.040625 0.0375
86 0.353125 0.7546875 0.065625 0.0921875
86 0.365625 0.659375 0.0171875 0.01875
86 0.4015625 0.71875 0.0546875 0.065625
86 0.425 0.696875 0.028125 0.0546875
86 0.5875 0.7046875 0.0625 0.01875
86 0.6140625 0.7875 0.0984375 0.0875
86 0.5765625 0.68125 0.01875 0.021875
86 0.6015625 0.7375 0.0625 0.021875
86 0.64375 0.709375 0.0421875 0.0640625
86 0.6796875 0.7 0.0390625 0.059375
86 0.74375 0.734375 0.059375 0.0875
86 0.7953125 0.753125 0.0890625 0.1015625
86 0.7703125 0.690625 0.034375 0.0265625
86 0.884375 0.73125 0.0671875 0.053125
86 0.8765625 0.696875 0.034375 0.0359375
86 0.9 0.775 0.0265625 0.0734375
86 0.9359375 0.7234375 0.0375 0.05625
