85 0.421875 0.528125 0.7796875 0.609375
85 0.1140625 0.7640625 0.228125 0.21875
85 0.153125 0.3359375 0.3046875 0.421875
85 0.253125 0.7453125 0.26875 0.2578125
85 0.4046875 0.2609375 0.196875 0.2703125
85 0.4625 0.721875 0.1859375 0.3046875
85 0.5828125 0.2609375 0.221875 0.2703125
85 0.696875 0.5203125 0.165625 0.1546875
85 0.8625 0.696875 0.225 0.1578125
85 0.84375 0.5 0.1046875 0.1515625
85 0.93125 0.275 0.134375 0.3
85 0.9328125 0.56875 0.13125 0.0859375
85 0.9421875 0.5 0.1140625 0.1203125
