86 0.234375 0.553125 0.0296875 0.046875
86 0.271875 0.5796875 0.053125 0.0828125
86 0.334375 0.5765625 0.0234375 0.06875
86 0.371875 0.584375 0.0296875 0.065625
86 0.3890625 0.5875 0.03125 0.0625
86 0.390625 0.6265625 0.0328125 0.040625
86 0.4484375 0.5421875 0.028125 0.0296875
86 0.496875 0.5953125 0.05625 0.0765625
86 0.48125 0.54375 0.015625 0.01875
86 0.5671875 0.5984375 0.06875 0.08125
86 0.640625 0.5984375 0.0703125 0.0953125
86 0.675 0.546875 0.01875 0.021875
86 0.690625 0.5375 0.021875 0.021875
86 0.6921875 0.5859375 0.021875 0.084375
86 0.7265625 0.6234375 0.0828125 0.08125
86 0.771875 0.5671875 0.040625 0.0421875
86 0.80625 0.6421875 0.1 0.1
86 0.840625 0.5703125 0.05 0.0328125
86 0.853125 0.5046875 0.0265625 0.009375
86 0.8828125 0.503125 0.01875 0.009375
86 0.946875 0.7734375 0.103125 0.1171875
86 0.9109375 0.5046875 0.01875 0.0125
86 0.940625 0.6234375 0.0578125 0.0375
86 0.9421875 0.5046875 0.021875 0.009375
86 0.9765625 0.5390625 0.025 0.0078125
86 0.9875 0.5578125 0.021875 0.0328125
