86 0.028125 0.43125 0.05625 0.09375
86 0.103125 0.5671875 0.165625 0.2546875
86 0.096875 0.43125 0.0796875 0.0609375
86 0.1734375 0.590625 0.196875 0.2078125
86 0.1109375 0.415625 0.05625 0.05625
86 0.2203125 0.709375 0.225 0.328125
86 0.1890625 0.4359375 0.103125 0.0671875
86 0.2734375 0.503125 0.13125 0.146875
86 0.38125 0.5203125 0.11875 0.196875
86 0.39375 0.4015625 0.103125 0.03125
86 0.3890625 0.4265625 0.084375 0.040625
86 0.515625 0.5546875 0.09375 0.078125
86 0.5390625 0.434375 0.109375 0.1046875
86 0.5921875 0.51875 0.0984375 0.115625
86 0.6375 0.515625 0.0640625 0.0796875
86 0.8765625 0.8265625 0.2453125 0.09375
86 0.8625 0.625 0.165625 0.28125
86 0.915625 0.771875 0.165625 0.2
