86 0.8765625 0.678125 0.225 0.375
86 0.1453125 0.634375 0.2890625 0.353125
86 0.078125 0.396875 0.1 0.0421875
86 0.325 0.70625 0.51875 0.3359375
86 0.1484375 0.371875 0.053125 0.0484375
86 0.2265625 0.434375 0.16875 0.1
86 0.3765625 0.5671875 0.2484375 0.2953125
86 0.346875 0.4515625 0.15625 0.1484375
86 0.3515625 0.3859375 0.096875 0.0609375
86 0.4375 0.3921875 0.075 0.084375
86 0.5640625 0.4484375 0.2140625 0.1296875
86 0.49375 0.3546875 0.053125 0.0421875
86 0.525 0.3765625 0.0796875 0.05625
86 0.6078125 0.5125 0.2390625 0.1984375
86 0.615625 0.3640625 0.0640625 0.1234375
86 0.778125 0.5171875 0.2171875 0.4140625
86 0.89375 0.5078125 0.2109375 0.3015625
