88 0.0890625 0.415625 0.178125 0.053125
88 0.2046875 0.5328125 0.409375 0.0375
88 0.209375 0.5953125 0.41875 0.059375
88 0.3234375 0.465625 0.646875 0.028125
88 0.5 0.653125 0.9984375 0.0890625
88 0.29375 0.3875 0.2265625 0.015625
88 0.703125 0.5921875 0.59375 0.0640625
88 0.540625 0.3859375 0.265625 0.040625
88 0.7046875 0.5375 0.5875 0.03125
88 0.8234375 0.4625 0.35 0.0375
88 0.7671875 0.3859375 0.1984375 0.021875
88 0.9234375 0.403125 0.1125 0.0296875
88 0.9890625 0.4171875 0.01875 0.015625
