86 0.9515625 0.634375 0.071875 0.1546875
86 0.3015625 0.4625 0.0953125 0.14375
86 0.328125 0.4609375 0.0625 0.084375
86 0.35625 0.4359375 0.103125 0.1359375
86 0.38125 0.35 0.034375 0.03125
86 0.4359375 0.434375 0.071875 0.0859375
86 0.50625 0.43125 0.0875 0.10625
86 0.6171875 0.490625 0.1484375 0.090625
86 0.6171875 0.4140625 0.0984375 0.0859375
86 0.7515625 0.4421875 0.1203125 0.128125
86 0.821875 0.478125 0.115625 0.165625
86 0.915625 0.78125 0.1671875 0.1046875
86 0.95625 0.4625 0.084375 0.1234375
86 0.9703125 0.446875 0.0578125 0.1140625
