88 0.0875 0.1921875 0.175 0.0453125
88 0.090625 0.3921875 0.18125 0.0953125
88 0.09375 0.284375 0.1859375 0.1
88 0.1015625 0.5328125 0.203125 0.1453125
88 0.1125 0.6703125 0.2234375 0.1203125
88 0.1203125 0.784375 0.2390625 0.090625
88 0.2890625 0.240625 0.1609375 0.1421875
88 0.3375 0.7796875 0.1546875 0.1
88 0.5140625 0.240625 0.2578125 0.14375
88 0.5265625 0.7734375 0.2265625 0.1140625
88 0.721875 0.23125 0.1484375 0.125
88 0.7140625 0.765625 0.13125 0.1296875
88 0.90625 0.7390625 0.184375 0.1078125
88 0.9125 0.5109375 0.1734375 0.125
88 0.9125 0.6265625 0.1734375 0.1
88 0.9203125 0.3609375 0.1578125 0.0984375
88 0.921875 0.1796875 0.1546875 0.0203125
88 0.921875 0.2546875 0.153125 0.10625
