88 0.275 0.3375 0.096875 0.09375
88 0.278125 0.440625 0.1 0.0921875
88 0.2796875 0.540625 0.0953125 0.09375
88 0.2828125 0.7140625 0.0921875 0.1359375
88 0.2828125 0.6234375 0.09375 0.125
88 0.359375 0.4234375 0.0921875 0.0703125
88 0.3546875 0.3453125 0.078125 0.078125
88 0.3640625 0.6359375 0.090625 0.0921875
88 0.3625 0.5046875 0.0765625 0.090625
88 0.3640625 0.575 0.071875 0.096875
88 0.415625 0.4859375 0.0515625 0.0609375
88 0.41875 0.3578125 0.04375 0.053125
88 0.4203125 0.5390625 0.0453125 0.0796875
88 0.41875 0.4171875 0.0390625 0.046875
88 0.425 0.603125 0.0390625 0.0625
88 0.46875 0.478125 0.0625 0.2609375
88 0.525 0.4484375 0.040625 0.2015625
88 0.553125 0.4359375 0.0359375 0.16875
88 0.7875 0.3875 0.046875 0.021875
88 0.7890625 0.4046875 0.0375 0.015625
88 0.8515625 0.3890625 0.03125 0.009375
88 0.90625 0.3921875 0.0375 0.015625
88 0.96875 0.4171875 0.0578125 0.0234375
88 0.9703125 0.3921875 0.05625 0.0265625
