86 0.4 0.7515625 0.2328125 0.2265625
86 0.01875 0.43125 0.0375 0.125
86 0.0328125 0.415625 0.0640625 0.1328125
86 0.034375 0.3328125 0.0609375 0.059375
86 0.059375 0.396875 0.0875 0.125
86 0.08125 0.36875 0.0953125 0.1265625
86 0.1453125 0.3140625 0.075 0.09375
86 0.1515625 0.2984375 0.0546875 0.09375
86 0.1609375 0.2265625 0.040625 0.0703125
86 0.16875 0.278125 0.0375 0.0640625
86 0.1875 0.2203125 0.05625 0.046875
86 0.1953125 0.3171875 0.0671875 0.090625
86 0.2375 0.303125 0.059375 0.0859375
86 0.2640625 0.653125 0.1125 0.334375
86 0.234375 0.2390625 0.034375 0.009375
86 0.2375 0.184375 0.0359375 0.00625
86 0.2453125 0.215625 0.05 0.0421875
86 0.259375 0.56875 0.0625 0.2875
86 0.2578125 0.2921875 0.05625 0.0859375
86 0.271875 0.2859375 0.0515625 0.0875
86 0.3 0.18125 0.03125 0.0109375
86 0.3234375 0.228125 0.0390625 0.0734375
86 0.3515625 0.1796875 0.040625 0.0078125
86 0.365625 0.228125 0.0453125 0.0765625
86 0.3765625 0.359375 0.0296875 0.0453125
86 0.3859375 0.1828125 0.0375 0.00625
86 0.4015625 0.228125 0.0421875 0.075
86 0.39375 0.334375 0.025 0.03125
86 0.415625 0.18125 0.0296875 0.0078125
86 0.43125 0.290625 0.01875 0.03125
86 0.4421875 0.2703125 0.0140625 0.0234375
86 0.46875 0.253125 0.0109375 0.01875
86 0.4875 0.2203125 0.0421875 0.0390625
86 0.4875 0.1796875 0.0375 0.0125
86 0.590625 0.6796875 0.1984375 0.3578125
86 0.5265625 0.18125 0.0328125 0.009375
86 0.5375 0.1984375 0.0421875 0.0140625
86 0.6203125 0.2703125 0.0109375 0.0328125
86 0.625 0.303125 0.0171875 0.0453125
86 0.64375 0.309375 0.046875 0.1296875
86 0.634375 0.334375 0.01875 0.0421875
86 0.6453125 0.39375 0.01875 0.0984375
86 0.659375 0.4796875 0.0296875 0.0671875
