88 0.10625 0.26875 0.2109375 0.2875
88 0.2765625 0.2640625 0.2 0.21875
88 0.303125 0.4421875 0.1453125 0.1578125
88 0.3125 0.5765625 0.1515625 0.178125
88 0.3484375 0.653125 0.1046875 0.14375
88 0.409375 0.3171875 0.0828125 0.128125
88 0.4109375 0.515625 0.0703125 0.10625
88 0.4125 0.421875 0.0734375 0.109375
88 0.41875 0.5921875 0.040625 0.1046875
88 0.4671875 0.478125 0.053125 0.0875
88 0.4625 0.334375 0.0375 0.084375
88 0.465625 0.409375 0.0421875 0.059375
88 0.659375 0.309375 0.140625 0.103125
88 0.6703125 0.4078125 0.140625 0.10625
88 0.94375 0.3671875 0.1125 0.103125
