83 0.1234375 0.76875 0.234375 0.13125
83 0.0234375 0.6109375 0.046875 0.0234375
83 0.1109375 0.5796875 0.1203125 0.03125
83 0.2421875 0.6640625 0.175 0.0453125
83 0.228125 0.540625 0.06875 0.0171875
83 0.2953125 0.6125 0.1328125 0.034375
83 0.3359375 0.771875 0.203125 0.1078125
83 0.3640625 0.584375 0.0671875 0.021875
83 0.3984375 0.5453125 0.071875 0.01875
83 0.4234375 0.5328125 0.0359375 0.0140625
83 0.4375 0.615625 0.05625 0.0046875
83 0.628125 0.5390625 0.040625 0.0421875
83 0.7390625 0.6296875 0.165625 0.11875
83 0.8453125 0.721875 0.2609375 0.203125
83 0.934375 0.8078125 0.128125 0.11875
