88 0.178125 0.775 0.24375 0.2
88 0.1890625 0.4421875 0.178125 0.1390625
88 0.1859375 0.321875 0.1703125 0.1296875
88 0.1828125 0.584375 0.1515625 0.1390625
88 0.4796875 0.778125 0.390625 0.1921875
88 0.3953125 0.5203125 0.1171875 0.175
88 0.3984375 0.625 0.125 0.0484375
88 0.4 0.390625 0.1203125 0.090625
88 0.4 0.3140625 0.1125 0.06875
88 0.56875 0.3953125 0.1203125 0.1
88 0.5765625 0.5234375 0.128125 0.1625
88 0.5796875 0.321875 0.1125 0.059375
88 0.5734375 0.628125 0.1 0.05625
88 0.771875 0.778125 0.2265625 0.190625
88 0.771875 0.5578125 0.1640625 0.178125
88 0.771875 0.315625 0.146875 0.0671875
88 0.7734375 0.4078125 0.146875 0.1265625
