86 0.0890625 0.6875 0.178125 0.1703125
86 0.0984375 0.71875 0.1953125 0.2171875
86 0.125 0.7640625 0.25 0.1296875
86 0.0765625 0.625 0.1296875 0.0609375
86 0.075 0.60625 0.1265625 0.065625
86 0.0828125 0.5484375 0.1125 0.0625
86 0.0859375 0.5796875 0.1140625 0.0671875
86 0.0765625 0.5359375 0.0921875 0.0515625
86 0.0875 0.521875 0.0859375 0.0640625
86 0.0921875 0.496875 0.0703125 0.0421875
86 0.20625 0.546875 0.08125 0.0921875
86 0.25 0.5609375 0.08125 0.090625
86 0.265625 0.578125 0.090625 0.0984375
86 0.2859375 0.5890625 0.0953125 0.0953125
86 0.2828125 0.6109375 0.075 0.109375
86 0.3546875 0.50625 0.04375 0.0640625
86 0.36875 0.4515625 0.0328125 0.0546875
86 0.38125 0.5140625 0.0359375 0.0609375
86 0.3921875 0.53125 0.046875 0.0703125
86 0.3984375 0.45 0.0328125 0.0515625
86 0.4234375 0.446875 0.0375 0.0515625
86 0.4421875 0.5140625 0.0359375 0.065625
86 0.4671875 0.446875 0.0328125 0.0515625
86 0.4921875 0.446875 0.03125 0.0515625
86 0.5125 0.5125 0.0484375 0.075
86 0.5484375 0.6515625 0.115625 0.1375
86 0.5921875 0.678125 0.1359375 0.1515625
86 0.540625 0.4453125 0.0265625 0.05625
86 0.6625 0.8 0.2546875 0.05625
86 0.6359375 0.7296875 0.165625 0.1625
86 0.6234375 0.5640625 0.0671875 0.0734375
86 0.621875 0.54375 0.05 0.0609375
86 0.6859375 0.6671875 0.1109375 0.175
86 0.68125 0.5609375 0.05 0.08125
86 0.7453125 0.6734375 0.096875 0.1796875
86 0.7328125 0.5390625 0.05625 0.053125
86 0.73125 0.54375 0.034375 0.0453125
86 0.790625 0.4828125 0.0421875 0.0375
86 0.7890625 0.553125 0.0390625 0.0859375
86 0.8375 0.56875 0.0734375 0.1046875
86 0.921875 0.4921875 0.04375 0.05625
86 0.9421875 0.496875 0.0546875 0.0609375
86 0.9765625 0.7625 0.0453125 0.1328125
86 0.9828125 0.503125 0.0328125 0.0625
