88 0.071875 0.1703125 0.14375 0.084375
88 0.0796875 0.265625 0.159375 0.1
88 0.0875 0.359375 0.175 0.0859375
88 0.0875 0.4375 0.175 0.1265625
88 0.1 0.590625 0.2 0.1359375
88 0.1 0.521875 0.1890625 0.1484375
88 0.203125 0.1890625 0.1578125 0.0421875
88 0.2265625 0.25 0.140625 0.075
88 0.2359375 0.3265625 0.140625 0.0796875
88 0.2390625 0.396875 0.1328125 0.0765625
88 0.2546875 0.46875 0.14375 0.08125
88 0.334375 0.1796875 0.096875 0.046875
88 0.3390625 0.246875 0.1015625 0.059375
88 0.3515625 0.315625 0.103125 0.06875
88 0.359375 0.421875 0.10625 0.0796875
88 0.35625 0.3734375 0.0984375 0.0640625
88 0.359375 0.4671875 0.0765625 0.0546875
88 0.4203125 0.1921875 0.0921875 0.05625
88 0.4328125 0.2484375 0.0796875 0.0484375
88 0.440625 0.3578125 0.075 0.0625
88 0.4375 0.29375 0.065625 0.0546875
88 0.50625 0.18125 0.1125 0.0640625
88 0.5171875 0.2265625 0.10625 0.059375
88 0.5109375 0.2890625 0.0859375 0.053125
88 0.7671875 0.3453125 0.4640625 0.0703125
88 0.7703125 0.165625 0.4578125 0.128125
88 0.7765625 0.2609375 0.4453125 0.0921875
88 0.8328125 0.4171875 0.3328125 0.0984375
