86 0.1625 0.496875 0.0671875 0.115625
86 0.2390625 0.5125 0.1359375 0.1515625
86 0.309375 0.3203125 0.084375 0.1109375
86 0.340625 0.415625 0.1265625 0.1984375
86 0.378125 0.484375 0.1265625 0.159375
86 0.4625 0.3734375 0.0921875 0.128125
86 0.471875 0.39375 0.084375 0.140625
86 0.6484375 0.7375 0.303125 0.190625
86 0.5953125 0.475 0.059375 0.2
86 0.603125 0.346875 0.0546875 0.05
86 0.621875 0.4109375 0.0546875 0.140625
86 0.6265625 0.303125 0.0453125 0.084375
86 0.6953125 0.4640625 0.165625 0.234375
86 0.678125 0.3625 0.0546875 0.0734375
86 0.6984375 0.309375 0.0484375 0.078125
86 0.803125 0.3796875 0.053125 0.0859375
86 0.940625 0.6234375 0.11875 0.2703125
86 0.94375 0.8140625 0.1109375 0.0359375
86 0.903125 0.53125 0.0234375 0.05
86 0.9171875 0.4015625 0.028125 0.05
86 0.93125 0.3234375 0.04375 0.0734375
86 0.959375 0.4453125 0.0796875 0.1875
86 0.990625 0.3328125 0.0171875 0.05625
