88 0.2078125 0.7546875 0.0875 0.01875
88 0.2109375 0.775 0.0828125 0.0140625
88 0.2921875 0.7640625 0.0890625 0.03125
88 0.2953125 0.740625 0.0828125 0.0203125
88 0.2953125 0.8 0.084375 0.028125
88 0.7359375 0.3859375 0.134375 0.040625
88 0.734375 0.571875 0.13125 0.05
88 0.7390625 0.51875 0.140625 0.0375
88 0.7390625 0.3390625 0.1359375 0.040625
88 0.7390625 0.6390625 0.1359375 0.059375
88 0.7359375 0.45625 0.128125 0.059375
88 0.875 0.5734375 0.1359375 0.05
88 0.8734375 0.3390625 0.128125 0.0421875
88 0.8734375 0.63125 0.128125 0.0546875
88 0.8734375 0.5171875 0.121875 0.040625
88 0.8765625 0.3875 0.1296875 0.0453125
88 0.875 0.453125 0.125 0.065625
88 0.9703125 0.5703125 0.05625 0.0390625
88 0.975 0.3875 0.0484375 0.046875
88 0.975 0.3421875 0.046875 0.0359375
88 0.975 0.51875 0.046875 0.0375
88 0.9765625 0.45 0.0453125 0.0703125
88 0.9765625 0.63125 0.0453125 0.0546875
