88 0.0625 0.146875 0.1234375 0.0421875
88 0.071875 0.196875 0.14375 0.13125
88 0.0765625 0.271875 0.153125 0.1375
88 0.084375 0.3609375 0.16875 0.2171875
88 0.0890625 0.4484375 0.178125 0.275
88 0.1671875 0.1375 0.08125 0.025
88 0.221875 0.1828125 0.1578125 0.1140625
88 0.23125 0.2609375 0.171875 0.240625
88 0.35 0.134375 0.0484375 0.01875
88 0.35 0.146875 0.0421875 0.021875
88 0.3546875 0.1703125 0.0421875 0.021875
88 0.7734375 0.621875 0.36875 0.503125
88 0.6390625 0.30625 0.0859375 0.1921875
88 0.6515625 0.4171875 0.0953125 0.10625
88 0.653125 0.1875 0.0796875 0.125
88 0.815625 0.5484375 0.3671875 0.65
88 0.8234375 0.3 0.3515625 0.3484375
