86 0.4203125 0.7125 0.128125 0.1859375
86 0.025 0.4828125 0.05 0.090625
86 0.04375 0.6625 0.0875 0.1953125
86 0.409375 0.55625 0.81875 0.30625
86 0.0578125 0.465625 0.078125 0.0734375
86 0.125 0.6796875 0.146875 0.2046875
86 0.1078125 0.4078125 0.053125 0.140625
86 0.2015625 0.6890625 0.121875 0.2125
86 0.2 0.4234375 0.10625 0.071875
86 0.29375 0.69375 0.1390625 0.2171875
86 0.2578125 0.4171875 0.0203125 0.028125
86 0.2953125 0.403125 0.015625 0.0125
86 0.5484375 0.7203125 0.1125 0.234375
86 0.66875 0.7359375 0.1265625 0.2359375
86 0.8109375 0.75625 0.128125 0.2375
86 0.9234375 0.765625 0.15 0.215625
