86 0.0546875 0.2015625 0.1078125 0.0671875
86 0.09375 0.353125 0.1859375 0.259375
86 0.1140625 0.5453125 0.2265625 0.4390625
86 0.225 0.703125 0.3765625 0.259375
86 0.1671875 0.2265625 0.1625 0.1015625
86 0.275 0.525 0.2984375 0.3546875
86 0.2484375 0.371875 0.2140625 0.2421875
86 0.271875 0.2453125 0.1375 0.0734375
86 0.3875 0.3703125 0.203125 0.1859375
86 0.3796875 0.2703125 0.1390625 0.08125
86 0.4671875 0.4703125 0.2671875 0.19375
86 0.4671875 0.278125 0.1375 0.0609375
86 0.621875 0.6984375 0.440625 0.2703125
86 0.5140625 0.3578125 0.190625 0.128125
86 0.5625 0.29375 0.1609375 0.059375
86 0.6125 0.5390625 0.2359375 0.2859375
86 0.5953125 0.3734375 0.15625 0.11875
86 0.678125 0.3703125 0.1515625 0.090625
86 0.725 0.521875 0.2140625 0.2203125
86 0.65625 0.315625 0.0671875 0.0390625
86 0.8109375 0.6921875 0.3640625 0.2828125
86 0.746875 0.3875 0.1484375 0.0890625
86 0.709375 0.325 0.0578125 0.04375
86 0.8125 0.49375 0.2 0.1515625
86 0.775 0.384375 0.109375 0.071875
86 0.8296875 0.3953125 0.0734375 0.071875
86 0.896875 0.6875 0.20625 0.2890625
86 0.884375 0.4890625 0.178125 0.1234375
86 0.890625 0.4078125 0.0890625 0.0765625
86 0.9515625 0.621875 0.096875 0.1734375
86 0.9578125 0.5109375 0.084375 0.1359375
86 0.9859375 0.48125 0.0265625 0.06875
