86 0.053125 0.7953125 0.10625 0.1359375
86 0.059375 0.6140625 0.10625 0.090625
86 0.175 0.6984375 0.115625 0.121875
86 0.1984375 0.7640625 0.1265625 0.1984375
86 0.3203125 0.56875 0.3453125 0.071875
86 0.303125 0.6421875 0.0640625 0.065625
86 0.30625 0.7140625 0.0671875 0.1234375
86 0.378125 0.7921875 0.13125 0.14375
86 0.3703125 0.6671875 0.0875 0.1046875
86 0.3875 0.665625 0.0921875 0.0875
86 0.5984375 0.7078125 0.1109375 0.1421875
86 0.625 0.7234375 0.109375 0.13125
86 0.653125 0.796875 0.1390625 0.1328125
86 0.7140625 0.76875 0.0515625 0.190625
86 0.9015625 0.725 0.1375 0.178125
