89 0.196875 0.81875 0.325 0.159375
89 0.215625 0.6109375 0.3203125 0.11875
89 0.096875 0.6671875 0.0796875 0.0953125
89 0.296875 0.78125 0.296875 0.1953125
89 0.359375 0.7234375 0.2390625 0.140625
89 0.4015625 0.6953125 0.2125 0.13125
89 0.4328125 0.66875 0.1734375 0.1140625
89 0.534375 0.6109375 0.20625 0.1109375
89 0.759375 0.6171875 0.178125 0.0125
89 0.7765625 0.6390625 0.2046875 0.025
89 0.8 0.6671875 0.2453125 0.0390625
89 0.83125 0.746875 0.303125 0.1296875
89 0.8390625 0.815625 0.3125 0.153125
