86 0.1984375 0.521875 0.0609375 0.0546875
86 0.221875 0.7140625 0.109375 0.2375
86 0.2453125 0.5828125 0.15625 0.1328125
86 0.271875 0.5015625 0.1390625 0.053125
86 0.378125 0.6546875 0.228125 0.203125
86 0.30625 0.465625 0.0421875 0.04375
86 0.38125 0.5453125 0.140625 0.084375
86 0.3921875 0.4953125 0.1203125 0.05
86 0.525 0.621875 0.196875 0.1703125
86 0.5140625 0.5265625 0.128125 0.0765625
86 0.5109375 0.4765625 0.109375 0.0578125
86 0.696875 0.7421875 0.271875 0.2453125
86 0.615625 0.5 0.0984375 0.040625
86 0.665625 0.565625 0.18125 0.1015625
86 0.6453125 0.4921875 0.1140625 0.0765625
86 0.7640625 0.7015625 0.1390625 0.19375
86 0.809375 0.525 0.046875 0.0953125
