86 0.075 0.7765625 0.0953125 0.1578125
86 0.1890625 0.778125 0.0609375 0.153125
86 0.2609375 0.7703125 0.0734375 0.1453125
86 0.3875 0.8046875 0.1125 0.1
86 0.4140625 0.7640625 0.0734375 0.05
86 0.5046875 0.7609375 0.053125 0.0453125
86 0.5421875 0.8203125 0.1171875 0.06875
86 0.5703125 0.778125 0.075 0.040625
86 0.5921875 0.7390625 0.0359375 0.0296875
86 0.640625 0.775 0.0734375 0.090625
86 0.70625 0.728125 0.034375 0.0265625
86 0.73125 0.7765625 0.0734375 0.0921875
86 0.8609375 0.7109375 0.2734375 0.0640625
86 0.8296875 0.8078125 0.1578125 0.09375
86 0.934375 0.765625 0.1015625 0.075
86 0.940625 0.8296875 0.1140625 0.05
86 0.9484375 0.8125 0.096875 0.0515625
