86 0.178125 0.721875 0.0921875 0.109375
86 0.2046875 0.69375 0.0703125 0.1
86 0.240625 0.6765625 0.0515625 0.0890625
86 0.296875 0.7078125 0.0796875 0.10625
86 0.3390625 0.684375 0.0625 0.08125
86 0.3890625 0.646875 0.0390625 0.059375
86 0.45 0.6453125 0.03125 0.05
86 0.4578125 0.640625 0.025 0.0484375
86 0.4734375 0.634375 0.015625 0.040625
86 0.4796875 0.6296875 0.0125 0.0375
86 0.515625 0.615625 0.0171875 0.0296875
86 0.525 0.6140625 0.0125 0.028125
86 0.66875 0.5921875 0.015625 0.00625
86 0.675 0.625 0.0203125 0.0375
86 0.696875 0.65 0.0375 0.0625
86 0.728125 0.690625 0.0703125 0.0875
86 0.796875 0.7609375 0.1359375 0.1453125
86 0.771875 0.671875 0.0296875 0.0765625
86 0.7765625 0.625 0.025 0.0125
86 0.8640625 0.75625 0.1046875 0.153125
86 0.85 0.66875 0.0296875 0.065625
86 0.90625 0.6875 0.05 0.0609375
86 0.953125 0.8265625 0.08125 0.0125
86 0.9453125 0.6828125 0.0390625 0.0765625
86 0.978125 0.75 0.04375 0.128125
