86 0.034375 0.7390625 0.0671875 0.2171875
86 0.0859375 0.578125 0.071875 0.05
86 0.1515625 0.715625 0.15 0.2140625
86 0.1578125 0.5765625 0.0359375 0.0578125
86 0.1609375 0.55625 0.0140625 0.0484375
86 0.184375 0.5703125 0.0328125 0.0390625
86 0.2109375 0.6 0.0625 0.0734375
86 0.2515625 0.6546875 0.0921875 0.1640625
86 0.246875 0.540625 0.0375 0.025
86 0.303125 0.690625 0.11875 0.1859375
86 0.3859375 0.6171875 0.0671875 0.1171875
86 0.434375 0.6125 0.075 0.11875
86 0.4609375 0.5609375 0.0265625 0.0390625
