88 0.13125 0.5546875 0.14375 0.0515625
88 0.146875 0.590625 0.15 0.078125
88 0.15 0.6484375 0.15625 0.1015625
88 0.284375 0.5984375 0.1875 0.1109375
88 0.6828125 0.415625 0.1703125 0.046875
88 0.6828125 0.46875 0.1640625 0.053125
88 0.6828125 0.5609375 0.1578125 0.0546875
88 0.690625 0.35625 0.1625 0.0765625
88 0.6875 0.5171875 0.153125 0.0328125
88 0.6890625 0.6078125 0.140625 0.0703125
88 0.7171875 0.6640625 0.059375 0.0671875
88 0.784375 0.6796875 0.065625 0.06875
88 0.83125 0.6328125 0.1515625 0.0640625
88 0.8578125 0.578125 0.1953125 0.0484375
88 0.8796875 0.4078125 0.2375 0.059375
88 0.8796875 0.475 0.2375 0.0625
88 0.884375 0.5375 0.2296875 0.0625
88 0.8828125 0.3453125 0.221875 0.075
