86 0.1203125 0.759375 0.1890625 0.2203125
86 0.05 0.6734375 0.1 0.1609375
86 0.159375 0.5765625 0.046875 0.025
86 0.178125 0.646875 0.0640625 0.15
86 0.2328125 0.578125 0.05625 0.021875
86 0.2953125 0.7546875 0.1640625 0.234375
86 0.303125 0.60625 0.0359375 0.065625
86 0.340625 0.68125 0.0765625 0.14375
86 0.39375 0.784375 0.1765625 0.1796875
86 0.4296875 0.6125 0.06875 0.06875
86 0.45625 0.553125 0.0265625 0.05
86 0.503125 0.7078125 0.1125 0.16875
86 0.4953125 0.8078125 0.0890625 0.128125
86 0.4859375 0.5609375 0.0265625 0.0734375
86 0.6109375 0.7390625 0.1375 0.10625
86 0.6203125 0.709375 0.1421875 0.15
86 0.578125 0.5875 0.040625 0.0828125
86 0.621875 0.5796875 0.05 0.109375
86 0.65 0.5875 0.0578125 0.125
86 0.6765625 0.6 0.0796875 0.1171875
86 0.778125 0.646875 0.084375 0.1125
86 0.809375 0.7375 0.0890625 0.0421875
86 0.840625 0.6390625 0.1078125 0.1484375
86 0.9359375 0.659375 0.109375 0.15625
