86 0.7640625 0.7234375 0.1625 0.190625
86 0.1828125 0.7515625 0.115625 0.1625
86 0.34375 0.8 0.203125 0.065625
86 0.3203125 0.646875 0.0875 0.128125
86 0.4078125 0.678125 0.0984375 0.0796875
86 0.4078125 0.65625 0.0734375 0.1125
86 0.4296875 0.6390625 0.053125 0.1171875
86 0.484375 0.6546875 0.0828125 0.13125
86 0.5828125 0.753125 0.1875 0.1578125
86 0.5609375 0.615625 0.0578125 0.0890625
86 0.6296875 0.6859375 0.1125 0.1703125
86 0.6 0.6078125 0.04375 0.08125
86 0.653125 0.728125 0.128125 0.209375
86 0.621875 0.6109375 0.0453125 0.0734375
86 0.6578125 0.5953125 0.0328125 0.065625
86 0.7046875 0.6640625 0.0984375 0.1453125
86 0.6796875 0.5671875 0.025 0.0140625
86 0.721875 0.5921875 0.0453125 0.05625
86 0.753125 0.5875 0.015625 0.059375
86 0.775 0.60625 0.034375 0.0453125
86 0.8078125 0.6125 0.0578125 0.0375
86 0.8453125 0.7 0.121875 0.171875
86 0.815625 0.5953125 0.040625 0.0359375
86 0.8609375 0.5734375 0.03125 0.0359375
86 0.884375 0.653125 0.0765625 0.128125
86 0.8984375 0.5640625 0.021875 0.015625
86 0.903125 0.58125 0.0265625 0.028125
86 0.9265625 0.6375 0.0484375 0.115625
86 0.95625 0.61875 0.0453125 0.09375
86 0.9625 0.615625 0.0375 0.090625
