88 0.0125 0.728125 0.0234375 0.0375
88 0.0125 0.6 0.0234375 0.0671875
88 0.0125 0.671875 0.0234375 0.075
88 0.0125 0.7640625 0.025 0.0375
88 0.0578125 0.6484375 0.046875 0.03125
88 0.065625 0.6859375 0.04375 0.04375
88 0.065625 0.7578125 0.0375 0.040625
88 0.06875 0.7265625 0.0359375 0.03125
88 0.0984375 0.68125 0.0328125 0.0453125
88 0.103125 0.71875 0.0375 0.034375
88 0.103125 0.7515625 0.03125 0.0390625
88 0.1203125 0.68125 0.00625 0.0421875
88 0.125 0.7171875 0.0125 0.028125
88 0.128125 0.7515625 0.0171875 0.03125
88 0.1375 0.678125 0.025 0.0453125
88 0.14375 0.7484375 0.015625 0.0328125
88 0.1453125 0.715625 0.01875 0.028125
88 0.1625 0.6765625 0.0328125 0.0390625
88 0.165625 0.746875 0.03125 0.040625
88 0.1640625 0.7125 0.028125 0.0328125
88 0.203125 0.6765625 0.0421875 0.0421875
88 0.3109375 0.7125 0.021875 0.0578125
