88 0.1125 0.428125 0.2234375 0.0578125
88 0.1125 0.3125 0.225 0.04375
88 0.115625 0.2328125 0.2296875 0.10625
88 0.115625 0.3640625 0.2296875 0.05
88 0.253125 0.3328125 0.0640625 0.0546875
88 0.2515625 0.2203125 0.0578125 0.0703125
88 0.25625 0.28125 0.05625 0.05
88 0.2609375 0.4328125 0.059375 0.046875
88 0.2578125 0.38125 0.0515625 0.0421875
88 0.596875 0.2921875 0.1921875 0.0640625
88 0.59375 0.228125 0.1828125 0.078125
88 0.6 0.3515625 0.18125 0.075
88 0.6046875 0.4140625 0.165625 0.05625
