89 0.121875 0.5328125 0.225 0.6390625
89 0.09375 0.63125 0.1859375 0.209375
89 0.09375 0.2140625 0.1875 0.178125
89 0.0953125 0.421875 0.1890625 0.23125
89 0.096875 0.809375 0.1921875 0.1296875
89 0.5296875 0.6515625 0.64375 0.228125
89 0.534375 0.41875 0.628125 0.2296875
89 0.5328125 0.21875 0.621875 0.1859375
89 0.5359375 0.725 0.609375 0.2984375
89 0.9359375 0.8265625 0.125 0.09375
89 0.940625 0.6703125 0.1171875 0.2453125
89 0.94375 0.2140625 0.109375 0.1765625
89 0.94375 0.425 0.109375 0.2328125
