86 0.20625 0.634375 0.09375 0.128125
86 0.0421875 0.6375 0.0828125 0.109375
86 0.046875 0.7453125 0.09375 0.121875
86 0.034375 0.575 0.065625 0.028125
86 0.1375 0.6390625 0.0984375 0.13125
86 0.11875 0.571875 0.053125 0.025
86 0.175 0.7640625 0.1515625 0.084375
86 0.246875 0.6109375 0.05 0.1125
86 0.3359375 0.63125 0.0703125 0.084375
86 0.4578125 0.5828125 0.23125 0.078125
86 0.5453125 0.7171875 0.075 0.18125
86 0.6234375 0.61875 0.05 0.109375
86 0.659375 0.63125 0.0484375 0.125
86 0.6953125 0.640625 0.040625 0.125
86 0.7515625 0.6578125 0.0734375 0.14375
86 0.75625 0.5734375 0.0390625 0.01875
86 0.7984375 0.575 0.0390625 0.01875
86 0.9 0.678125 0.1421875 0.165625
86 0.859375 0.5859375 0.0421875 0.021875
86 0.9046875 0.59375 0.040625 0.025
