88 0.35625 0.4109375 0.25 0.121875
88 0.359375 0.3078125 0.234375 0.121875
88 0.365625 0.5296875 0.2296875 0.159375
88 0.3671875 0.1890625 0.234375 0.128125
88 0.371875 0.8140625 0.23125 0.159375
88 0.3734375 0.6765625 0.21875 0.1765625
88 0.628125 0.365625 0.3171875 0.0453125
88 0.6140625 0.9015625 0.2765625 0.109375
88 0.6421875 0.25625 0.3203125 0.0203125
88 0.63125 0.65625 0.290625 0.0734375
88 0.621875 0.75625 0.2671875 0.0921875
88 0.6390625 0.515625 0.296875 0.0625
88 0.8109375 0.6921875 0.125 0.6140625
