88 0.0703125 0.1703125 0.140625 0.059375
88 0.0734375 0.21875 0.1453125 0.071875
88 0.0734375 0.325 0.146875 0.046875
88 0.075 0.4734375 0.15 0.05
88 0.0765625 0.278125 0.153125 0.059375
88 0.0765625 0.3734375 0.153125 0.0484375
88 0.078125 0.4234375 0.1546875 0.040625
88 0.078125 0.534375 0.1546875 0.0546875
88 0.08125 0.5875 0.159375 0.065625
88 0.2328125 0.159375 0.31875 0.06875
88 0.253125 0.421875 0.1390625 0.0421875
88 0.2375 0.5203125 0.103125 0.040625
88 0.253125 0.4703125 0.134375 0.0515625
88 0.2609375 0.378125 0.15 0.0375
88 0.2625 0.3328125 0.1484375 0.0390625
88 0.2625 0.290625 0.1515625 0.053125
88 0.26875 0.2515625 0.1546875 0.0578125
88 0.240625 0.5578125 0.071875 0.0265625
88 0.35625 0.7171875 0.1140625 0.1265625
88 0.3578125 0.8078125 0.1140625 0.1078125
88 0.396875 0.2984375 0.1078125 0.040625
88 0.403125 0.3390625 0.1109375 0.034375
88 0.4015625 0.259375 0.096875 0.0359375
88 0.4046875 0.3859375 0.1015625 0.0421875
88 0.4171875 0.4296875 0.103125 0.0359375
88 0.4234375 0.475 0.0875 0.04375
88 0.4921875 0.81875 0.1375 0.1046875
88 0.49375 0.75 0.1421875 0.1
88 0.496875 0.66875 0.14375 0.1203125
88 0.5 0.1734375 0.140625 0.096875
88 0.534375 0.284375 0.15625 0.0484375
88 0.5125 0.334375 0.1046875 0.0578125
88 0.509375 0.371875 0.096875 0.0453125
88 0.5125 0.465625 0.084375 0.034375
88 0.5140625 0.421875 0.084375 0.0453125
88 0.6015625 0.146875 0.103125 0.0421875
88 0.621875 0.203125 0.10625 0.096875
88 0.621875 0.7609375 0.071875 0.065625
88 0.621875 0.709375 0.0671875 0.0625
88 0.6109375 0.634375 0.0421875 0.08125
88 0.725 0.171875 0.115625 0.09375
88 0.7265625 0.3015625 0.096875 0.075
88 0.7359375 0.2296875 0.1171875 0.0828125
88 0.73125 0.3625 0.090625 0.0671875
88 0.7328125 0.421875 0.078125 0.046875
88 0.75 0.54375 0.0390625 0.046875
88 0.75625 0.4859375 0.0390625 0.059375
88 0.85 0.628125 0.065625 0.071875
88 0.85 0.659375 0.0625 0.059375
88 0.85625 0.5484375 0.06875 0.059375
88 0.853125 0.5921875 0.05625 0.0609375
