86 0.0328125 0.59375 0.0625 0.1421875
86 0.1359375 0.56875 0.053125 0.0765625
86 0.2375 0.65 0.165625 0.1921875
86 0.35625 0.584375 0.11875 0.190625
86 0.4203125 0.6125 0.125 0.196875
86 0.4625 0.58125 0.0796875 0.125
86 0.5375 0.8078125 0.225 0.134375
86 0.5671875 0.509375 0.0578125 0.0921875
86 0.60625 0.5515625 0.0984375 0.09375
86 0.625 0.5234375 0.0703125 0.0859375
86 0.746875 0.8578125 0.1796875 0.0328125
86 0.746875 0.7703125 0.1640625 0.2078125
86 0.828125 0.65625 0.184375 0.23125
86 0.8953125 0.7453125 0.2078125 0.2578125
86 0.8796875 0.609375 0.15 0.26875
86 0.94375 0.6609375 0.109375 0.2125
86 0.9734375 0.584375 0.053125 0.1609375
86 0.9828125 0.5484375 0.03125 0.115625
