88 0.0578125 0.4734375 0.115625 0.059375
88 0.059375 0.2578125 0.11875 0.0703125
88 0.059375 0.1671875 0.11875 0.0765625
88 0.0625 0.3265625 0.125 0.0765625
88 0.0625 0.53125 0.125 0.0640625
88 0.0640625 0.4 0.128125 0.0625
88 0.2125 0.196875 0.1921875 0.084375
88 0.215625 0.3328125 0.19375 0.078125
88 0.2234375 0.4515625 0.20625 0.0515625
88 0.2296875 0.3984375 0.1984375 0.0625
88 0.21875 0.2765625 0.175 0.06875
88 0.2234375 0.5328125 0.184375 0.071875
88 0.3421875 0.46875 0.05 0.084375
88 0.34375 0.2765625 0.05 0.0875
88 0.34375 0.190625 0.053125 0.0828125
88 0.340625 0.340625 0.0421875 0.0765625
88 0.3421875 0.5484375 0.0390625 0.1078125
88 0.3453125 0.409375 0.04375 0.0984375
88 0.38125 0.2984375 0.0421875 0.121875
88 0.3875 0.59375 0.05625 0.1015625
88 0.3828125 0.3421875 0.040625 0.06875
88 0.3859375 0.5078125 0.0421875 0.0734375
88 0.39375 0.1734375 0.0421875 0.0671875
88 0.3921875 0.4296875 0.0296875 0.0875
88 0.49375 0.171875 0.134375 0.09375
88 0.4984375 0.4890625 0.125 0.1359375
88 0.4984375 0.4046875 0.125 0.1203125
88 0.4921875 0.6 0.103125 0.1640625
88 0.49375 0.2875 0.103125 0.1375
88 0.5015625 0.7015625 0.0765625 0.1953125
88 0.6328125 0.5734375 0.190625 0.2140625
88 0.64375 0.43125 0.1875 0.171875
88 0.6453125 0.2984375 0.1859375 0.1453125
88 0.6328125 0.7875 0.1546875 0.171875
88 0.6671875 0.171875 0.1921875 0.09375
88 0.8546875 0.78125 0.2890625 0.1859375
88 0.8625 0.7046875 0.2734375 0.3203125
88 0.86875 0.5078125 0.2609375 0.2203125
88 0.878125 0.159375 0.240625 0.0609375
88 0.88125 0.3078125 0.234375 0.2078125
