82 0.2171875 0.5234375 0.015625 0.0515625
82 0.3703125 0.5140625 0.009375 0.046875
82 0.396875 0.609375 0.0453125 0.1015625
82 0.45 0.49375 0.0109375 0.01875
82 0.4515625 0.478125 0.015625 0.0140625
82 0.49375 0.4796875 0.0046875 0.0109375
82 0.515625 0.6671875 0.05 0.1296875
82 0.53125 0.540625 0.028125 0.0484375
82 0.56875 0.5046875 0.009375 0.0328125
82 0.590625 0.4859375 0.0234375 0.0328125
82 0.6 0.484375 0.01875 0.028125
82 0.6703125 0.7328125 0.1421875 0.1953125
82 0.6171875 0.4765625 0.0203125 0.015625
82 0.6453125 0.553125 0.0171875 0.025
82 0.6828125 0.49375 0.03125 0.0390625
82 0.765625 0.590625 0.0265625 0.0640625
82 0.76875 0.5 0.0265625 0.0390625
82 0.7890625 0.4828125 0.01875 0.015625
82 0.821875 0.5046875 0.034375 0.040625
82 0.840625 0.4921875 0.0203125 0.028125
82 0.85 0.5 0.01875 0.0296875
82 0.8640625 0.4984375 0.009375 0.0375
82 0.953125 0.528125 0.0609375 0.03125
82 0.953125 0.5046875 0.0046875 0.0375
82 0.9671875 0.50625 0.0265625 0.0328125
82 0.965625 0.6359375 0.021875 0.0453125
82 0.98125 0.503125 0.0265625 0.040625
