88 0.23125 0.5234375 0.053125 0.05
88 0.2328125 0.4078125 0.05 0.0515625
88 0.2328125 0.44375 0.053125 0.0421875
88 0.234375 0.3078125 0.0515625 0.046875
88 0.234375 0.4859375 0.0515625 0.040625
88 0.2359375 0.271875 0.05 0.05
88 0.2390625 0.23125 0.059375 0.0609375
88 0.2375 0.365625 0.053125 0.053125
88 0.2421875 0.178125 0.059375 0.09375
88 0.271875 0.5125 0.0359375 0.0421875
88 0.278125 0.4125 0.046875 0.04375
88 0.2796875 0.4796875 0.0453125 0.046875
88 0.275 0.4125 0.0296875 0.0421875
88 0.2796875 0.3734375 0.040625 0.0578125
88 0.28125 0.30625 0.0390625 0.0671875
88 0.284375 0.1953125 0.034375 0.1
