88 0.0671875 0.2125 0.134375 0.090625
88 0.0734375 0.44375 0.1453125 0.078125
88 0.071875 0.3625 0.140625 0.0796875
88 0.071875 0.290625 0.134375 0.0609375
88 0.0984375 0.171875 0.065625 0.0078125
88 0.20625 0.23125 0.1453125 0.1015625
88 0.209375 0.1859375 0.15 0.0375
88 0.2125 0.3 0.14375 0.0796875
88 0.2109375 0.44375 0.1328125 0.078125
88 0.21875 0.36875 0.14375 0.0796875
88 0.31875 0.25625 0.09375 0.0640625
88 0.3140625 0.1921875 0.0828125 0.05
88 0.321875 0.4328125 0.09375 0.065625
88 0.3265625 0.315625 0.0921875 0.0578125
88 0.3234375 0.3734375 0.078125 0.05625
