86 0.24375 0.865625 0.24375 0.2265625
86 0.0640625 0.6921875 0.1265625 0.146875
86 0.08125 0.846875 0.1609375 0.1796875
86 0.1296875 0.70625 0.1484375 0.1515625
86 0.2109375 0.71875 0.1734375 0.16875
86 0.3375 0.7828125 0.1015625 0.1875
86 0.503125 0.896875 0.2984375 0.2015625
86 0.5953125 0.70625 0.0859375 0.0984375
86 0.609375 0.7359375 0.0546875 0.0671875
86 0.7515625 0.90625 0.2953125 0.184375
86 0.8453125 0.834375 0.0453125 0.0203125
86 0.915625 0.8265625 0.1640625 0.2125
86 0.8796875 0.703125 0.071875 0.0609375
86 0.9484375 0.921875 0.0984375 0.153125
86 0.9609375 0.7046875 0.0734375 0.05625
