88 0.7828125 0.3453125 0.1734375 0.6140625
88 0.165625 0.440625 0.0796875 0.1515625
88 0.1765625 0.55625 0.1015625 0.2125
88 0.246875 0.2 0.2421875 0.1921875
88 0.2703125 0.35625 0.290625 0.2625
88 0.2515625 0.059375 0.2453125 0.11875
88 0.3203125 0.6515625 0.2390625 0.2875
88 0.3203125 0.521875 0.234375 0.2359375
88 0.478125 0.075 0.2078125 0.14375
88 0.5328125 0.5140625 0.296875 0.728125
88 0.6234375 0.1921875 0.0984375 0.146875
88 0.6265625 0.08125 0.0921875 0.1546875
88 0.640625 0.2953125 0.0640625 0.134375
