88 0.2578125 0.5890625 0.01875 0.01875
88 0.2734375 0.5625 0.0484375 0.0078125
88 0.2578125 0.571875 0.0140625 0.0125
88 0.2765625 0.5890625 0.009375 0.0140625
88 0.2921875 0.575 0.0078125 0.0078125
88 0.2984375 0.509375 0.01875 0.015625
88 0.2953125 0.5265625 0.009375 0.009375
88 0.309375 0.540625 0.0375 0.015625
88 0.3046875 0.5265625 0.0109375 0.0109375
88 0.303125 0.5765625 0.00625 0.015625
88 0.3078125 0.55625 0.015625 0.0140625
88 0.315625 0.5703125 0.009375 0.0140625
88 0.31875 0.509375 0.015625 0.0140625
88 0.321875 0.5234375 0.021875 0.015625
88 0.31875 0.553125 0.0109375 0.0125
88 0.325 0.565625 0.00625 0.009375
88 0.3296875 0.509375 0.0078125 0.0140625
88 0.3546875 0.5359375 0.05 0.0140625
88 0.35625 0.546875 0.0484375 0.015625
88 0.3546875 0.509375 0.0421875 0.0125
88 0.35625 0.571875 0.0421875 0.0140625
88 0.35625 0.4953125 0.0421875 0.0140625
88 0.35625 0.5203125 0.04375 0.009375
88 0.35625 0.5609375 0.0421875 0.0109375
88 0.4671875 0.653125 0.2203125 0.0515625
88 0.384375 0.7671875 0.0484375 0.1015625
88 0.4421875 0.5609375 0.10625 0.14375
88 0.4296875 0.7671875 0.046875 0.1015625
88 0.4734375 0.7671875 0.0453125 0.1015625
88 0.5328125 0.565625 0.0828125 0.01875
88 0.515625 0.765625 0.040625 0.1015625
88 0.5421875 0.5421875 0.0890625 0.0234375
88 0.5703125 0.5171875 0.1421875 0.0171875
88 0.54375 0.590625 0.071875 0.01875
88 0.559375 0.765625 0.04375 0.1
88 0.55625 0.50625 0.025 0.009375
88 0.6796875 0.6671875 0.2265625 0.0921875
88 0.578125 0.5046875 0.0125 0.0140625
88 0.615625 0.7640625 0.0421875 0.09375
88 0.6203125 0.54375 0.05 0.0234375
88 0.6234375 0.496875 0.046875 0.0234375
88 0.6546875 0.765625 0.04375 0.09375
88 0.6796875 0.5171875 0.06875 0.015625
88 0.6796875 0.5578125 0.06875 0.0171875
88 0.684375 0.5703125 0.05625 0.015625
88 0.6859375 0.5390625 0.053125 0.015625
88 0.6953125 0.4984375 0.05625 0.0171875
88 0.7078125 0.4921875 0.0796875 0.009375
88 0.7 0.7625 0.04375 0.0984375
88 0.7328125 0.565625 0.034375 0.1046875
88 0.740625 0.7609375 0.0390625 0.0953125
88 0.771875 0.7625 0.021875 0.1015625
88 0.7953125 0.5671875 0.0421875 0.025
88 0.7984375 0.528125 0.0375 0.0203125
88 0.7984375 0.5078125 0.0328125 0.0140625
88 0.8 0.5484375 0.034375 0.0234375
88 0.8328125 0.6046875 0.0921875 0.03125
88 0.8421875 0.5828125 0.08125 0.046875
88 0.8484375 0.515625 0.0765625 0.0421875
88 0.8515625 0.5515625 0.075 0.0453125
88 0.93125 0.596875 0.1109375 0.0609375
88 0.9359375 0.5515625 0.1078125 0.0453125
88 0.940625 0.51875 0.1125 0.046875
