86 0.575 0.7078125 0.1921875 0.2015625
86 0.0203125 0.425 0.040625 0.0421875
86 0.021875 0.4953125 0.04375 0.1015625
86 0.065625 0.5484375 0.128125 0.16875
86 0.090625 0.459375 0.059375 0.0890625
86 0.146875 0.4609375 0.0484375 0.078125
86 0.2953125 0.465625 0.0515625 0.1
86 0.3671875 0.421875 0.0703125 0.1
86 0.3609375 0.35625 0.0453125 0.0625
86 0.4375 0.6609375 0.1734375 0.2453125
86 0.3859375 0.5 0.0453125 0.075
86 0.4390625 0.3953125 0.0578125 0.0375
86 0.4609375 0.515625 0.0859375 0.0796875
86 0.5421875 0.4953125 0.075 0.0875
86 0.5609375 0.58125 0.0890625 0.1828125
86 0.55625 0.38125 0.046875 0.0609375
86 0.5796875 0.3359375 0.0375 0.0265625
86 0.6265625 0.3578125 0.0296875 0.046875
86 0.64375 0.396875 0.0265625 0.040625
86 0.71875 0.7 0.175 0.2140625
86 0.6640625 0.3515625 0.0375 0.0484375
86 0.6984375 0.384375 0.053125 0.0375
86 0.7234375 0.4125 0.0421875 0.0515625
86 0.7328125 0.3734375 0.040625 0.034375
86 0.7671875 0.3515625 0.0234375 0.028125
86 0.875 0.7625 0.2296875 0.19375
86 0.7765625 0.5140625 0.0265625 0.06875
86 0.846875 0.353125 0.028125 0.015625
86 0.8875 0.3640625 0.046875 0.0375
86 0.9453125 0.36875 0.0328125 0.025
86 0.978125 0.396875 0.040625 0.0515625
86 0.978125 0.496875 0.040625 0.04375
