81 0.1640625 0.45625 0.128125 0.103125
81 0.3640625 0.428125 0.1796875 0.090625
81 0.378125 0.5109375 0.14375 0.1453125
81 0.4125 0.4515625 0.0859375 0.0703125
81 0.5625 0.828125 0.384375 0.09375
81 0.55625 0.6828125 0.24375 0.2953125
81 0.5328125 0.5109375 0.14375 0.140625
81 0.5515625 0.4484375 0.109375 0.0625
81 0.6046875 0.4484375 0.08125 0.1125
81 0.7296875 0.53125 0.140625 0.1859375
81 0.7578125 0.446875 0.096875 0.0796875
81 0.8671875 0.478125 0.109375 0.1328125
81 0.95 0.584375 0.096875 0.153125
