88 0.43125 0.4765625 0.115625 0.08125
88 0.43125 0.3328125 0.1 0.090625
88 0.44375 0.2515625 0.103125 0.0796875
88 0.4390625 0.4046875 0.090625 0.0828125
88 0.446875 0.1828125 0.09375 0.06875
88 0.6140625 0.4 0.2890625 0.265625
88 0.6140625 0.1640625 0.2671875 0.0765625
88 0.6125 0.225 0.25 0.109375
88 0.815625 0.4953125 0.121875 0.09375
88 0.81875 0.4140625 0.125 0.096875
88 0.8265625 0.165625 0.128125 0.078125
88 0.8296875 0.3140625 0.128125 0.10625
88 0.8265625 0.221875 0.1109375 0.090625
