86 0.1890625 0.7234375 0.0453125 0.184375
86 0.23125 0.65625 0.1125 0.140625
86 0.2875 0.6203125 0.096875 0.146875
86 0.3265625 0.65625 0.1015625 0.134375
86 0.3796875 0.6046875 0.103125 0.14375
86 0.515625 0.76875 0.175 0.23125
86 0.5421875 0.653125 0.096875 0.13125
86 0.5578125 0.6109375 0.0984375 0.1296875
86 0.6453125 0.603125 0.1 0.103125
86 0.6890625 0.78125 0.1875 0.253125
86 0.659375 0.6484375 0.11875 0.1125
86 0.725 0.8953125 0.215625 0.2078125
86 0.8140625 0.6296875 0.0375 0.159375
