86 0.246875 0.60625 0.209375 0.1484375
86 0.1234375 0.6296875 0.225 0.103125
86 0.1875 0.7421875 0.2546875 0.175
86 0.496875 0.553125 0.1375 0.1125
86 0.6578125 0.575 0.1203125 0.04375
86 0.6140625 0.5125 0.0265625 0.034375
86 0.6140625 0.4765625 0.015625 0.0296875
86 0.61875 0.46875 0.021875 0.0421875
86 0.6421875 0.45 0.0546875 0.046875
86 0.6828125 0.784375 0.1203125 0.090625
86 0.7703125 0.7734375 0.1359375 0.1125
86 0.7890625 0.625 0.08125 0.040625
86 0.9 0.7515625 0.1375 0.15625
86 0.94375 0.7484375 0.1125 0.1640625
