86 0.20625 0.6484375 0.15625 0.15625
86 0.1046875 0.5921875 0.146875 0.1765625
86 0.428125 0.4703125 0.659375 0.159375
86 0.221875 0.578125 0.1125 0.146875
86 0.3421875 0.6875 0.1546875 0.2234375
86 0.3234375 0.5765625 0.1125 0.159375
86 0.43125 0.58125 0.15 0.1609375
86 0.453125 0.6828125 0.1578125 0.2125
86 0.6625 0.521875 0.0859375 0.125
86 0.721875 0.5609375 0.1 0.1515625
86 0.7140625 0.4875 0.065625 0.0484375
86 0.753125 0.490625 0.053125 0.046875
86 0.790625 0.5421875 0.071875 0.1109375
86 0.8203125 0.625 0.1328125 0.1546875
86 0.796875 0.484375 0.06875 0.0421875
86 0.8421875 0.534375 0.0578125 0.10625
86 0.884375 0.609375 0.1015625 0.1453125
86 0.8984375 0.5328125 0.0703125 0.1
86 0.934375 0.603125 0.0984375 0.1453125
86 0.965625 0.5921875 0.06875 0.134375
