88 0.0609375 0.29375 0.1203125 0.2953125
88 0.06875 0.490625 0.1359375 0.1296875
88 0.0734375 0.609375 0.146875 0.134375
88 0.078125 0.715625 0.1546875 0.159375
88 0.08125 0.8109375 0.1453125 0.1234375
88 0.221875 0.4546875 0.340625 0.13125
88 0.24375 0.278125 0.303125 0.24375
88 0.246875 0.646875 0.3046875 0.1734375
88 0.25625 0.75 0.3046875 0.1953125
88 0.26875 0.559375 0.265625 0.1390625
88 0.440625 0.4296875 0.2640625 0.0890625
88 0.44375 0.2921875 0.2515625 0.2
88 0.4375 0.571875 0.2328125 0.1359375
88 0.4421875 0.5046875 0.2328125 0.1171875
88 0.46875 0.6515625 0.215625 0.125
88 0.853125 0.73125 0.25 0.18125
88 0.853125 0.65625 0.2375 0.159375
88 0.859375 0.55 0.2390625 0.140625
