83 0.009375 0.7203125 0.01875 0.05
83 0.0421875 0.575 0.084375 0.05
83 0.0609375 0.465625 0.109375 0.0234375
83 0.0921875 0.4125 0.05625 0.0125
83 0.3375 0.3703125 0.0375 0.0296875
83 0.3453125 0.3734375 0.0359375 0.0359375
83 0.365625 0.3828125 0.0359375 0.0359375
83 0.3859375 0.3875 0.0578125 0.0265625
83 0.409375 0.3984375 0.0515625 0.0359375
83 0.43125 0.4078125 0.0578125 0.040625
83 0.4765625 0.4375 0.0765625 0.05625
83 0.5265625 0.4546875 0.0859375 0.0578125
83 0.5859375 0.48125 0.115625 0.0515625
83 0.6625 0.53125 0.1328125 0.0984375
83 0.7828125 0.5703125 0.1703125 0.0984375
83 0.921875 0.7125 0.153125 0.2421875
