88 0.059375 0.7984375 0.11875 0.06875
88 0.065625 0.578125 0.13125 0.0765625
88 0.084375 0.4921875 0.1671875 0.059375
88 0.090625 0.7015625 0.0734375 0.065625
88 0.115625 0.8171875 0.05 0.0328125
88 0.134375 0.759375 0.04375 0.075
88 0.1546875 0.675 0.0671875 0.084375
88 0.159375 0.7921875 0.05 0.08125
88 0.1828125 0.73125 0.0515625 0.0796875
88 0.3578125 0.5734375 0.01875 0.04375
88 0.359375 0.5234375 0.0171875 0.05
88 0.390625 0.6015625 0.078125 0.084375
88 0.3609375 0.4640625 0.0109375 0.0640625
88 0.371875 0.4640625 0.0125 0.05625
88 0.375 0.51875 0.0109375 0.05
88 0.375 0.56875 0.0125 0.04375
88 0.384375 0.515625 0.0125 0.0421875
88 0.384375 0.4640625 0.0109375 0.046875
88 0.3875 0.5625 0.00625 0.0390625
88 0.3921875 0.509375 0.0109375 0.040625
88 0.3953125 0.465625 0.0109375 0.0421875
88 0.3953125 0.5546875 0.0125 0.0375
88 0.4046875 0.509375 0.0046875 0.034375
88 0.40625 0.5546875 0.00625 0.0375
88 0.4171875 0.4625 0.0296875 0.0390625
88 0.41875 0.50625 0.025 0.04375
88 0.41875 0.540625 0.0234375 0.05
88 0.4703125 0.5546875 0.0421875 0.046875
88 0.5109375 0.5546875 0.0328125 0.053125
88 0.809375 0.35625 0.14375 0.1328125
88 0.8078125 0.63125 0.1390625 0.1125
88 0.8078125 0.725 0.134375 0.2171875
88 0.809375 0.5328125 0.140625 0.103125
88 0.8109375 0.434375 0.140625 0.109375
88 0.94375 0.6453125 0.103125 0.16875
88 0.909375 0.73125 0.021875 0.028125
88 0.95 0.4546875 0.1 0.215625
