80 0.0578125 0.5828125 0.115625 0.28125
80 0.096875 0.4375 0.1703125 0.203125
80 0.2109375 0.5078125 0.2109375 0.203125
80 0.278125 0.5625 0.2640625 0.2484375
80 0.453125 0.6375 0.3453125 0.3015625
80 0.46875 0.3484375 0.3171875 0.1046875
80 0.4359375 0.4375 0.1921875 0.1375
80 0.64375 0.725 0.3265625 0.2984375
80 0.6859375 0.5 0.20625 0.1828125
80 0.7171875 0.4015625 0.16875 0.0875
80 0.821875 0.5546875 0.2484375 0.2234375
80 0.815625 0.4171875 0.1625 0.0921875
80 0.93125 0.45 0.134375 0.1265625
