86 0.059375 0.6015625 0.11875 0.19375
86 0.19375 0.6296875 0.165625 0.0953125
86 0.1609375 0.4859375 0.078125 0.028125
86 0.225 0.6015625 0.1140625 0.146875
86 0.253125 0.4765625 0.078125 0.028125
86 0.34375 0.584375 0.1109375 0.1375
86 0.3625 0.6171875 0.14375 0.1
86 0.34375 0.471875 0.0765625 0.0359375
86 0.4265625 0.4734375 0.0625 0.0234375
86 0.4578125 0.575 0.096875 0.1265625
86 0.509375 0.5921875 0.10625 0.0890625
86 0.5546875 0.5640625 0.1 0.115625
86 0.60625 0.5296875 0.04375 0.125
86 0.659375 0.578125 0.103125 0.0796875
86 0.8375 0.45625 0.04375 0.028125
86 0.8703125 0.553125 0.090625 0.11875
86 0.8953125 0.4671875 0.05 0.025
86 0.9703125 0.6078125 0.0578125 0.071875
