86 0.0125 0.5890625 0.025 0.2109375
86 0.334375 0.39375 0.66875 0.0875
86 0.1921875 0.6984375 0.2609375 0.2625
86 0.221875 0.4390625 0.0375 0.0109375
86 0.2453125 0.4953125 0.071875 0.08125
86 0.3359375 0.4609375 0.0609375 0.05
86 0.334375 0.5015625 0.0515625 0.04375
86 0.4015625 0.4625 0.0375 0.040625
86 0.415625 0.484375 0.0484375 0.0671875
86 0.553125 0.74375 0.246875 0.171875
86 0.590625 0.484375 0.065625 0.0515625
86 0.6046875 0.4421875 0.040625 0.009375
86 0.6515625 0.478125 0.078125 0.0375
86 0.671875 0.5125 0.084375 0.034375
86 0.7109375 0.4890625 0.0640625 0.084375
86 0.7078125 0.45 0.0421875 0.034375
86 0.884375 0.7140625 0.2265625 0.2328125
86 0.8109375 0.515625 0.053125 0.053125
86 0.94375 0.5328125 0.08125 0.121875
