88 0.1015625 0.2796875 0.203125 0.2265625
88 0.1140625 0.51875 0.228125 0.2640625
88 0.121875 0.734375 0.2421875 0.19375
88 0.3578125 0.2796875 0.3109375 0.2265625
88 0.3734375 0.5171875 0.2953125 0.25625
88 0.3796875 0.734375 0.290625 0.1984375
88 0.6296875 0.721875 0.2421875 0.2234375
88 0.65625 0.5125 0.271875 0.2296875
88 0.640625 0.2984375 0.2375 0.246875
88 0.85625 0.496875 0.228125 0.2
88 0.875 0.7890625 0.2484375 0.090625
88 0.8765625 0.665625 0.2453125 0.1546875
88 0.859375 0.2921875 0.1984375 0.23125
88 0.96875 0.4875 0.059375 0.178125
88 0.9796875 0.3046875 0.0375 0.1734375
