82 0.0203125 0.6859375 0.0390625 0.090625
82 0.4734375 0.6703125 0.946875 0.29375
82 0.5828125 0.7328125 0.346875 0.2
82 0.6015625 0.7046875 0.240625 0.15625
82 0.625 0.6984375 0.19375 0.1625
82 0.64375 0.678125 0.1578125 0.109375
82 0.665625 0.6734375 0.1203125 0.1
82 0.6796875 0.684375 0.1109375 0.125
82 0.7046875 0.684375 0.078125 0.11875
82 0.740625 0.678125 0.0828125 0.1265625
82 0.834375 0.7265625 0.021875 0.2140625
82 0.865625 0.728125 0.0390625 0.209375
82 0.921875 0.73125 0.06875 0.2046875
82 0.95 0.740625 0.096875 0.184375
