88 0.034375 0.60625 0.0671875 0.4015625
88 0.0453125 0.815625 0.04375 0.1171875
88 0.1015625 0.828125 0.0671875 0.090625
88 0.103125 0.73125 0.0671875 0.1375
88 0.1734375 0.821875 0.0625 0.103125
88 0.2296875 0.7109375 0.0578125 0.128125
88 0.23125 0.81875 0.0625 0.1109375
88 0.35 0.715625 0.0796875 0.3171875
88 0.4046875 0.5375 0.05 0.009375
88 0.40625 0.5703125 0.0390625 0.0140625
88 0.46875 0.5828125 0.084375 0.0328125
88 0.471875 0.5484375 0.075 0.03125
88 0.496875 0.615625 0.04375 0.0390625
88 0.5734375 0.5796875 0.125 0.0453125
88 0.575 0.625 0.1234375 0.0453125
88 0.575 0.53125 0.1203125 0.05
88 0.5765625 0.678125 0.1234375 0.0578125
88 0.646875 0.675 0.0234375 0.059375
88 0.6484375 0.628125 0.021875 0.053125
88 0.65 0.5328125 0.028125 0.0546875
88 0.6515625 0.5765625 0.0234375 0.046875
88 0.703125 0.7765625 0.103125 0.1078125
88 0.71875 0.571875 0.1125 0.0359375
88 0.70625 0.678125 0.08125 0.065625
88 0.7203125 0.8296875 0.10625 0.0890625
88 0.746875 0.4515625 0.0078125 0.0171875
88 0.7546875 0.4515625 0.009375 0.0171875
88 0.80625 0.6484375 0.1015625 0.0453125
88 0.809375 0.7625 0.1 0.0703125
88 0.7734375 0.45 0.025 0.021875
88 0.8078125 0.759375 0.096875 0.0828125
88 0.8109375 0.534375 0.096875 0.0140625
88 0.8140625 0.434375 0.0609375 0.04375
88 0.9 0.8328125 0.1046875 0.08125
88 0.9234375 0.58125 0.15 0.0546875
88 0.925 0.709375 0.1484375 0.078125
