86 0.9203125 0.653125 0.146875 0.3
86 0.2875 0.4234375 0.0671875 0.0875
86 0.325 0.440625 0.0734375 0.109375
86 0.3484375 0.44375 0.0890625 0.109375
86 0.3609375 0.44375 0.0921875 0.1125
86 0.3890625 0.45625 0.109375 0.1328125
86 0.41875 0.478125 0.10625 0.153125
86 0.421875 0.3953125 0.03125 0.0375
86 0.4359375 0.4171875 0.0421875 0.071875
86 0.4578125 0.4171875 0.05 0.06875
86 0.5171875 0.5296875 0.134375 0.209375
86 0.490625 0.43125 0.0546875 0.0890625
86 0.578125 0.5625 0.171875 0.2421875
86 0.528125 0.44375 0.065625 0.1046875
86 0.7328125 0.475 0.403125 0.21875
86 0.5671875 0.4546875 0.06875 0.1171875
86 0.6578125 0.6140625 0.2171875 0.3125
86 0.7375 0.6609375 0.278125 0.34375
86 0.86875 0.5578125 0.178125 0.2375
86 0.9328125 0.5265625 0.13125 0.2078125
86 0.959375 0.4640625 0.078125 0.1171875
86 0.9765625 0.40625 0.04375 0.021875
