88 0.1640625 0.61875 0.328125 0.21875
88 0.1671875 0.215625 0.3328125 0.0953125
88 0.16875 0.3890625 0.3375 0.265625
88 0.2625 0.7671875 0.0890625 0.1328125
88 0.5546875 0.4015625 0.4734375 0.184375
88 0.5609375 0.5765625 0.4609375 0.1921875
88 0.571875 0.2359375 0.4609375 0.1375
88 0.7515625 0.7359375 0.0796875 0.19375
88 0.8921875 0.3765625 0.2140625 0.1671875
88 0.8921875 0.70625 0.2140625 0.171875
88 0.89375 0.228125 0.2109375 0.1203125
88 0.89375 0.5375 0.203125 0.1609375
88 0.9015625 0.8046875 0.1953125 0.0578125
