85 0.3625 0.4765625 0.2984375 0.3484375
85 0.253125 0.6125 0.034375 0.0515625
85 0.3328125 0.603125 0.1125 0.0921875
85 0.2984375 0.346875 0.0421875 0.0328125
85 0.3015625 0.4484375 0.0453125 0.1703125
85 0.34375 0.4421875 0.0421875 0.1578125
85 0.3484375 0.34375 0.046875 0.0375
85 0.390625 0.3359375 0.0421875 0.0359375
85 0.390625 0.4140625 0.0421875 0.1265625
85 0.40625 0.5890625 0.025 0.021875
85 0.421875 0.54375 0.0484375 0.0546875
85 0.4296875 0.578125 0.0203125 0.0140625
85 0.4546875 0.5703125 0.0203125 0.015625
85 0.465625 0.525 0.0328125 0.0578125
85 0.4796875 0.5625 0.0265625 0.0125
