88 0.153125 0.4984375 0.30625 0.10625
88 0.153125 0.615625 0.30625 0.115625
88 0.15625 0.734375 0.3125 0.1328125
88 0.15625 0.3859375 0.3109375 0.1140625
88 0.165625 0.26875 0.29375 0.1265625
88 0.4640625 0.740625 0.315625 0.1296875
88 0.4609375 0.61875 0.303125 0.121875
88 0.465625 0.2640625 0.3140625 0.13125
88 0.46875 0.384375 0.30625 0.115625
88 0.4671875 0.496875 0.3 0.1171875
88 0.8046875 0.775 0.3609375 0.06875
88 0.796875 0.6671875 0.3140625 0.0265625
88 0.7984375 0.5625 0.3078125 0.0171875
88 0.796875 0.446875 0.29375 0.0171875
88 0.7890625 0.340625 0.246875 0.0296875
