86 0.0546875 0.7625 0.1078125 0.2015625
86 0.05625 0.728125 0.1109375 0.1484375
86 0.065625 0.7109375 0.065625 0.134375
86 0.109375 0.675 0.0546875 0.0953125
86 0.134375 0.6546875 0.0453125 0.08125
86 0.159375 0.634375 0.0328125 0.071875
86 0.15625 0.5953125 0.0125 0.015625
86 0.221875 0.6234375 0.046875 0.0625
86 0.2328125 0.64375 0.0703125 0.075
86 0.2578125 0.5921875 0.034375 0.009375
86 0.275 0.640625 0.0609375 0.084375
86 0.315625 0.5984375 0.025 0.03125
86 0.371875 0.71875 0.1359375 0.165625
86 0.35625 0.634375 0.0953125 0.059375
86 0.3515625 0.59375 0.0421875 0.021875
86 0.3875 0.6140625 0.0390625 0.03125
86 0.4203125 0.628125 0.0328125 0.0171875
86 0.49375 0.7046875 0.121875 0.146875
86 0.4703125 0.615625 0.0484375 0.03125
86 0.5 0.6234375 0.0609375 0.015625
86 0.5296875 0.7171875 0.121875 0.178125
86 0.521875 0.5921875 0.0453125 0.01875
86 0.559375 0.5859375 0.0265625 0.0296875
86 0.578125 0.6 0.0359375 0.034375
86 0.5734375 0.590625 0.021875 0.0359375
86 0.6078125 0.6671875 0.0734375 0.10625
86 0.5953125 0.5984375 0.034375 0.0546875
86 0.6078125 0.59375 0.04375 0.0453125
86 0.653125 0.628125 0.05 0.0890625
86 0.6765625 0.6328125 0.05 0.0796875
86 0.7984375 0.7078125 0.05 0.09375
86 0.8125 0.603125 0.03125 0.021875
86 0.865625 0.7 0.13125 0.146875
86 0.9296875 0.6765625 0.1078125 0.14375
