86 0.3171875 0.5390625 0.1609375 0.1578125
86 0.053125 0.5640625 0.10625 0.2203125
86 0.09375 0.4375 0.0609375 0.1
86 0.25 0.4296875 0.0765625 0.0765625
86 0.2953125 0.4078125 0.0640625 0.0859375
86 0.3234375 0.4375 0.0828125 0.059375
86 0.4 0.4015625 0.034375 0.0734375
86 0.421875 0.4125 0.053125 0.090625
86 0.53125 0.4171875 0.046875 0.084375
86 0.571875 0.440625 0.0671875 0.0984375
86 0.6171875 0.4328125 0.075 0.1046875
86 0.69375 0.434375 0.0578125 0.065625
86 0.7234375 0.4828125 0.1125 0.1375
86 0.8390625 0.5125 0.1328125 0.184375
86 0.8453125 0.4671875 0.08125 0.109375
86 0.925 0.5046875 0.096875 0.175
