88 0.1421875 0.5828125 0.021875 0.1375
88 0.159375 0.7453125 0.0546875 0.2171875
88 0.1828125 0.040625 0.103125 0.0796875
88 0.19375 0.184375 0.125 0.221875
88 0.209375 0.3921875 0.1546875 0.2109375
88 0.215625 0.5375 0.1671875 0.2109375
88 0.2375 0.690625 0.1859375 0.225
88 0.3234375 0.05 0.1625 0.0984375
88 0.35 0.35 0.171875 0.18125
88 0.3484375 0.1796875 0.15625 0.2
88 0.378125 0.490625 0.1375 0.159375
88 0.3921875 0.6375 0.140625 0.2015625
88 0.46875 0.05625 0.1203125 0.1125
88 0.4890625 0.4625 0.13125 0.41875
88 0.484375 0.1859375 0.11875 0.1734375
88 0.5828125 0.3125 0.1109375 0.6234375
