88 0.1296875 0.74375 0.259375 0.1125
88 0.134375 0.646875 0.26875 0.0796875
88 0.103125 0.83125 0.2015625 0.084375
88 0.1484375 0.315625 0.2875 0.1078125
88 0.146875 0.5640625 0.2734375 0.078125
88 0.153125 0.3984375 0.25625 0.0828125
88 0.15 0.4703125 0.2453125 0.0859375
88 0.153125 0.2265625 0.253125 0.0546875
88 0.484375 0.8328125 0.2890625 0.078125
88 0.475 0.66875 0.2640625 0.096875
88 0.475 0.48125 0.25625 0.0671875
88 0.4796875 0.3859375 0.2546875 0.0921875
88 0.4921875 0.5640625 0.271875 0.103125
88 0.428125 0.221875 0.140625 0.084375
88 0.440625 0.3171875 0.159375 0.0796875
88 0.4921875 0.75 0.2625 0.0859375
88 0.8109375 0.7484375 0.2703125 0.1015625
88 0.8125 0.4890625 0.2625 0.1203125
88 0.8109375 0.396875 0.25625 0.096875
88 0.809375 0.5734375 0.246875 0.096875
88 0.8234375 0.65625 0.246875 0.0734375
88 0.825 0.3203125 0.23125 0.0671875
88 0.8484375 0.2390625 0.18125 0.075
