86 0.121875 0.715625 0.196875 0.234375
86 0.1109375 0.3796875 0.028125 0.0125
86 0.1546875 0.45 0.0671875 0.0375
86 0.1671875 0.4796875 0.09375 0.04375
86 0.190625 0.509375 0.1015625 0.05625
86 0.253125 0.690625 0.21875 0.2234375
86 0.1875 0.553125 0.08125 0.0546875
86 0.2703125 0.7359375 0.1609375 0.19375
86 0.3734375 0.7921875 0.221875 0.08125
86 0.2984375 0.35625 0.0359375 0.0125
86 0.353125 0.5859375 0.0859375 0.090625
86 0.415625 0.7234375 0.153125 0.21875
86 0.421875 0.365625 0.075 0.046875
86 0.40625 0.3890625 0.0375 0.0234375
86 0.428125 0.509375 0.040625 0.0375
86 0.4234375 0.4078125 0.01875 0.0234375
86 0.4484375 0.475 0.046875 0.04375
86 0.4640625 0.4390625 0.046875 0.03125
86 0.625 0.378125 0.046875 0.0125
86 0.6296875 0.3953125 0.0578125 0.0234375
86 0.6984375 0.6 0.084375 0.1171875
86 0.6890625 0.4296875 0.0578125 0.0609375
86 0.690625 0.525 0.0625 0.0796875
86 0.83125 0.7421875 0.2390625 0.1828125
86 0.9 0.7765625 0.1859375 0.1125
