88 0.0921875 0.3296875 0.0765625 0.0265625
88 0.0984375 0.3671875 0.0796875 0.04375
88 0.09375 0.271875 0.0640625 0.0328125
88 0.196875 0.3359375 0.0984375 0.0375
88 0.196875 0.309375 0.0828125 0.0484375
88 0.2015625 0.253125 0.08125 0.0359375
88 0.3109375 0.334375 0.084375 0.040625
88 0.3125 0.3125 0.08125 0.0421875
88 0.3171875 0.259375 0.071875 0.034375
88 0.4078125 0.2640625 0.0734375 0.03125
88 0.4125 0.315625 0.065625 0.0328125
88 0.4203125 0.334375 0.06875 0.0359375
88 0.503125 0.2703125 0.05625 0.03125
88 0.5 0.3421875 0.046875 0.0390625
88 0.509375 0.31875 0.0625 0.028125
88 0.5765625 0.2953125 0.053125 0.0265625
88 0.5734375 0.3671875 0.034375 0.0453125
88 0.578125 0.3390625 0.0421875 0.03125
88 0.6421875 0.290625 0.0484375 0.0359375
88 0.6328125 0.3609375 0.021875 0.0421875
88 0.640625 0.340625 0.0375 0.0265625
88 0.6921875 0.3265625 0.0421875 0.0421875
88 0.7046875 0.2375 0.0640625 0.0609375
88 0.7015625 0.290625 0.05625 0.05
88 0.771875 0.6625 0.06875 0.053125
88 0.76875 0.634375 0.0515625 0.0515625
88 0.7734375 0.2296875 0.059375 0.0671875
88 0.7734375 0.3 0.059375 0.03125
88 0.771875 0.5890625 0.046875 0.0625
88 0.771875 0.3375 0.0421875 0.034375
88 0.8359375 0.321875 0.0546875 0.0515625
88 0.8609375 0.6078125 0.084375 0.0546875
88 0.85625 0.2875 0.065625 0.071875
88 0.859375 0.6953125 0.0640625 0.025
88 0.8625 0.6546875 0.065625 0.0671875
88 0.8625 0.2078125 0.0640625 0.0625
88 0.946875 0.3203125 0.0703125 0.0421875
88 0.953125 0.2765625 0.06875 0.0828125
88 0.9609375 0.209375 0.075 0.0859375
