86 0.246875 0.68125 0.4296875 0.353125
86 0.0859375 0.575 0.171875 0.2828125
86 0.1 0.4984375 0.2 0.2140625
86 0.29375 0.5015625 0.29375 0.25625
86 0.2375 0.3734375 0.14375 0.1609375
86 0.3140625 0.3484375 0.115625 0.15
86 0.39375 0.3984375 0.2421875 0.275
86 0.471875 0.4203125 0.2625 0.353125
86 0.3875 0.25625 0.084375 0.0671875
86 0.553125 0.3375 0.20625 0.275
86 0.540625 0.278125 0.178125 0.20625
86 0.575 0.240625 0.1421875 0.1828125
86 0.7625 0.2046875 0.2359375 0.140625
86 0.8453125 0.325 0.3078125 0.278125
86 0.8890625 0.265625 0.21875 0.28125
