86 0.85625 0.7484375 0.190625 0.2375
86 0.0109375 0.6546875 0.0203125 0.0625
86 0.5140625 0.590625 0.903125 0.028125
86 0.165625 0.6328125 0.0359375 0.0515625
86 0.3421875 0.79375 0.2609375 0.159375
86 0.2421875 0.63125 0.046875 0.0375
86 0.390625 0.63125 0.03125 0.046875
86 0.453125 0.603125 0.046875 0.0265625
86 0.5140625 0.6203125 0.0390625 0.0375
86 0.590625 0.7578125 0.165625 0.23125
86 0.640625 0.7734375 0.221875 0.2
86 0.603125 0.615625 0.0265625 0.0421875
86 0.6578125 0.634375 0.0578125 0.0734375
86 0.7078125 0.6015625 0.0359375 0.015625
86 0.7765625 0.64375 0.0625 0.090625
86 0.8203125 0.675 0.0921875 0.11875
86 0.9125 0.6171875 0.08125 0.0421875
