86 0.0703125 0.6875 0.140625 0.1578125
86 0.1703125 0.5265625 0.140625 0.1328125
86 0.515625 0.3875 0.059375 0.0640625
86 0.5453125 0.765625 0.0625 0.1265625
86 0.7515625 0.39375 0.075 0.0703125
86 0.8109375 0.3171875 0.05 0.025
86 0.9046875 0.4125 0.1453125 0.0734375
86 0.91875 0.69375 0.1296875 0.2109375
86 0.8984375 0.284375 0.0796875 0.0171875
86 0.9046875 0.31875 0.090625 0.0328125
86 0.9578125 0.796875 0.084375 0.0671875
86 0.9703125 0.3296875 0.0390625 0.0359375
86 0.9875 0.4234375 0.021875 0.0703125
