88 0.0359375 0.55 0.071875 0.4390625
88 0.04375 0.7796875 0.0875 0.1
88 0.1765625 0.275 0.3515625 0.2140625
88 0.209375 0.5578125 0.275 0.340625
88 0.221875 0.725 0.2828125 0.215625
88 0.409375 0.2125 0.121875 0.0890625
88 0.4109375 0.3375 0.1140625 0.2
88 0.425 0.7109375 0.11875 0.2421875
88 0.421875 0.5265625 0.1109375 0.2140625
88 0.4390625 0.7890625 0.0859375 0.0875
88 0.5 0.496875 0.06875 0.1421875
88 0.503125 0.3546875 0.0734375 0.11875
88 0.4875 0.234375 0.0390625 0.134375
88 0.4984375 0.634375 0.046875 0.15625
88 0.5140625 0.7609375 0.0703125 0.1390625
88 0.5328125 0.2421875 0.0296875 0.109375
88 0.5421875 0.6171875 0.0484375 0.121875
88 0.5546875 0.7359375 0.06875 0.175
88 0.546875 0.4890625 0.040625 0.1265625
88 0.5453125 0.1921875 0.0296875 0.05
88 0.5609375 0.2671875 0.04375 0.0984375
88 0.5625 0.36875 0.04375 0.0984375
88 0.571875 0.496875 0.0421875 0.1
88 0.58125 0.19375 0.04375 0.0515625
88 0.5859375 0.49375 0.0375 0.075
88 0.5953125 0.390625 0.05625 0.0828125
88 0.590625 0.596875 0.034375 0.0875
88 0.5953125 0.2984375 0.04375 0.0953125
88 0.60625 0.6953125 0.0390625 0.0953125
88 0.821875 0.3203125 0.3546875 0.065625
88 0.8234375 0.3640625 0.3515625 0.0859375
88 0.8296875 0.4125 0.3390625 0.0546875
88 0.8859375 0.5359375 0.2265625 0.06875
88 0.890625 0.5078125 0.2171875 0.0453125
88 0.89375 0.45625 0.2109375 0.05
