88 0.2359375 0.4640625 0.0953125 0.025
88 0.234375 0.578125 0.08125 0.05
88 0.234375 0.4984375 0.071875 0.0359375
88 0.2359375 0.5375 0.071875 0.04375
88 0.240625 0.615625 0.071875 0.0375
88 0.278125 0.5546875 0.01875 0.153125
88 0.396875 0.565625 0.25625 0.3203125
88 0.7359375 0.4671875 0.33125 0.171875
88 0.734375 0.33125 0.3234375 0.1828125
88 0.7453125 0.6203125 0.3125 0.1625
88 0.75 0.7640625 0.31875 0.184375
88 0.7515625 0.8328125 0.3203125 0.0953125
88 0.940625 0.2984375 0.115625 0.184375
88 0.9453125 0.46875 0.10625 0.16875
88 0.95 0.63125 0.0984375 0.178125
88 0.953125 0.865625 0.09375 0.0296875
88 0.953125 0.7859375 0.0921875 0.1875
