85 0.10625 0.2921875 0.2125 0.1
85 0.203125 0.21875 0.075 0.065625
85 0.2046875 0.1609375 0.05625 0.0421875
85 0.328125 0.140625 0.146875 0.0296875
85 0.2921875 0.33125 0.0640625 0.096875
85 0.3578125 0.328125 0.06875 0.0890625
85 0.3703125 0.175 0.06875 0.040625
85 0.5078125 0.190625 0.1390625 0.0609375
85 0.5109375 0.15 0.140625 0.05
85 0.4703125 0.3296875 0.0515625 0.0859375
85 0.525 0.33125 0.0453125 0.078125
85 0.61875 0.1359375 0.0859375 0.021875
85 0.64375 0.3296875 0.034375 0.06875
