88 0.5953125 0.38125 0.3734375 0.0125
88 0.465625 0.51875 0.0890625 0.0859375
88 0.534375 0.6828125 0.2203125 0.0984375
88 0.4703125 0.5984375 0.0828125 0.078125
88 0.4703125 0.43125 0.08125 0.0890625
88 0.5546875 0.4359375 0.1078125 0.0953125
88 0.5515625 0.6015625 0.0890625 0.090625
88 0.55625 0.521875 0.0796875 0.078125
88 0.628125 0.6078125 0.0859375 0.0953125
88 0.640625 0.4359375 0.0859375 0.0875
88 0.640625 0.5234375 0.0828125 0.0796875
88 0.7265625 0.528125 0.10625 0.090625
88 0.7296875 0.434375 0.109375 0.084375
88 0.73125 0.6109375 0.0921875 0.0828125
