85 0.146875 0.203125 0.29375 0.15625
85 0.1953125 0.7015625 0.390625 0.346875
85 0.0703125 0.203125 0.1234375 0.1546875
85 0.1671875 0.2 0.0703125 0.15
85 0.2734375 0.5859375 0.225 0.265625
85 0.2140625 0.2046875 0.0421875 0.1546875
85 0.253125 0.2046875 0.0484375 0.1578125
85 0.2734375 0.2015625 0.03125 0.1515625
85 0.3203125 0.759375 0.0609375 0.23125
85 0.3453125 0.834375 0.0265625 0.078125
85 0.35625 0.7734375 0.028125 0.13125
85 0.3578125 0.6703125 0.0265625 0.0890625
85 0.359375 0.584375 0.0296875 0.0796875
85 0.7703125 0.6234375 0.3265625 0.4078125
85 0.653125 0.546875 0.053125 0.2125
85 0.7046875 0.6140625 0.0796875 0.2765625
85 0.7875 0.2078125 0.171875 0.1640625
85 0.725 0.209375 0.03125 0.165625
85 0.7671875 0.7 0.10625 0.346875
85 0.8609375 0.678125 0.2609375 0.390625
85 0.834375 0.728125 0.0796875 0.290625
85 0.8953125 0.74375 0.1 0.259375
85 0.896875 0.2109375 0.0640625 0.171875
85 0.93125 0.20625 0.134375 0.1609375
85 0.9671875 0.7375 0.0625 0.2734375
85 0.9703125 0.53125 0.0578125 0.1515625
85 0.9859375 0.3765625 0.0265625 0.1578125
