88 0.415625 0.5484375 0.0265625 0.0078125
88 0.4609375 0.56875 0.0578125 0.0234375
88 0.465625 0.6453125 0.05 0.0234375
88 0.4640625 0.63125 0.04375 0.025
88 0.459375 0.675 0.0328125 0.0453125
88 0.459375 0.690625 0.034375 0.0390625
88 0.4640625 0.6015625 0.040625 0.0375
88 0.4703125 0.5484375 0.0515625 0.0328125
88 0.690625 0.703125 0.196875 0.1359375
88 0.8984375 0.5765625 0.075 0.0265625
88 0.9078125 0.665625 0.090625 0.03125
88 0.903125 0.5578125 0.078125 0.021875
88 0.8984375 0.5890625 0.065625 0.0125
88 0.9078125 0.64375 0.0765625 0.01875
88 0.9078125 0.6296875 0.065625 0.015625
88 0.9109375 0.6109375 0.065625 0.0203125
