88 0.0828125 0.5328125 0.165625 0.103125
88 0.071875 0.4109375 0.140625 0.0875
88 0.0703125 0.340625 0.128125 0.071875
88 0.075 0.4671875 0.1359375 0.0671875
88 0.0890625 0.6046875 0.128125 0.0515625
88 0.2734375 0.40625 0.2453125 0.0953125
88 0.2796875 0.6078125 0.253125 0.0953125
88 0.275 0.54375 0.23125 0.0875
88 0.2890625 0.4765625 0.234375 0.1
88 0.284375 0.3328125 0.21875 0.0671875
88 0.503125 0.56875 0.2046875 0.071875
88 0.53125 0.3375 0.25625 0.0609375
88 0.7703125 0.603125 0.2734375 0.109375
88 0.95625 0.4796875 0.0859375 0.090625
88 0.95625 0.55 0.084375 0.0703125
88 0.946875 0.615625 0.05625 0.0703125
88 0.959375 0.40625 0.0796875 0.05625
88 0.9640625 0.3390625 0.0703125 0.0640625
