86 0.08125 0.6640625 0.05 0.0234375
86 0.121875 0.6109375 0.05 0.06875
86 0.1796875 0.74375 0.1421875 0.14375
86 0.19375 0.6171875 0.09375 0.08125
86 0.2390625 0.5703125 0.0421875 0.0296875
86 0.2671875 0.68125 0.0734375 0.15
86 0.3171875 0.65 0.0609375 0.0578125
86 0.3875 0.7375 0.0890625 0.078125
86 0.3890625 0.621875 0.05 0.05
86 0.4421875 0.665625 0.06875 0.0578125
86 0.521875 0.809375 0.1125 0.04375
86 0.6046875 0.6671875 0.096875 0.0875
86 0.628125 0.5640625 0.025 0.021875
86 0.6796875 0.6296875 0.0609375 0.1
86 0.7109375 0.571875 0.0359375 0.021875
86 0.7890625 0.6421875 0.078125 0.1125
86 0.8453125 0.6125 0.0609375 0.09375
86 0.875 0.5765625 0.0375 0.0515625
86 0.9015625 0.565625 0.0375 0.0609375
86 0.93125 0.5578125 0.04375 0.0625
