85 0.2078125 0.08125 0.0796875 0.1609375
85 0.2796875 0.0796875 0.0859375 0.1578125
85 0.3625 0.11875 0.078125 0.2359375
85 0.4109375 0.8453125 0.0890625 0.30625
85 0.4234375 0.1078125 0.059375 0.2140625
85 0.475 0.1078125 0.0515625 0.215625
85 0.490625 0.81875 0.084375 0.3609375
85 0.54375 0.565625 0.065625 0.13125
85 0.54375 0.6796875 0.0578125 0.178125
85 0.55 0.840625 0.0625 0.2
85 0.584375 0.5234375 0.0484375 0.115625
85 0.590625 0.7015625 0.040625 0.3015625
85 0.6203125 0.4828125 0.0375 0.090625
85 0.621875 0.6484375 0.0421875 0.2859375
85 0.7390625 0.4890625 0.1890625 0.065625
85 0.740625 0.6375 0.184375 0.228125
