86 0.0109375 0.3921875 0.021875 0.040625
86 0.0140625 0.3375 0.028125 0.01875
86 0.0484375 0.3796875 0.096875 0.05
86 0.05 0.7109375 0.0984375 0.24375
86 0.053125 0.425 0.10625 0.0421875
86 0.075 0.521875 0.15 0.146875
86 0.0375 0.390625 0.0609375 0.0453125
86 0.075 0.3671875 0.078125 0.0703125
86 0.146875 0.3953125 0.078125 0.04375
86 0.134375 0.4578125 0.046875 0.096875
86 0.1484375 0.3625 0.046875 0.025
86 0.1625 0.3421875 0.0578125 0.01875
86 0.159375 0.3640625 0.0328125 0.021875
86 0.2296875 0.346875 0.0203125 0.0203125
86 0.334375 0.5 0.1296875 0.1390625
86 0.3140625 0.3640625 0.065625 0.025
86 0.3109375 0.3859375 0.05 0.028125
86 0.309375 0.409375 0.0359375 0.0390625
86 0.321875 0.3453125 0.05 0.0234375
86 0.371875 0.6484375 0.10625 0.2421875
86 0.5375 0.7421875 0.3171875 0.18125
86 0.41875 0.346875 0.03125 0.0171875
86 0.4421875 0.3796875 0.059375 0.0578125
86 0.4671875 0.4203125 0.0421875 0.0390625
86 0.5 0.3859375 0.090625 0.0265625
86 0.496875 0.36875 0.040625 0.0140625
86 0.575 0.46875 0.04375 0.09375
86 0.5890625 0.5640625 0.03125 0.11875
86 0.6015625 0.3890625 0.025 0.0625
86 0.64375 0.421875 0.065625 0.09375
86 0.690625 0.375 0.0515625 0.028125
86 0.7359375 0.490625 0.0359375 0.15
86 0.8625 0.7046875 0.221875 0.25625
86 0.834375 0.4953125 0.153125 0.1625
86 0.8203125 0.3921875 0.084375 0.0421875
86 0.89375 0.5359375 0.128125 0.128125
86 0.928125 0.4296875 0.05 0.096875
86 0.934375 0.3671875 0.04375 0.01875
86 0.9390625 0.38125 0.0484375 0.01875
86 0.9640625 0.49375 0.0703125 0.0875
86 0.9734375 0.440625 0.0515625 0.0609375
86 0.9765625 0.6796875 0.0453125 0.2984375
86 0.996875 0.3859375 0.0046875 0.021875
