85 0.2015625 0.659375 0.1375 0.0765625
85 0.25625 0.7578125 0.24375 0.2328125
85 0.321875 0.63125 0.1078125 0.06875
85 0.4015625 0.6140625 0.0625 0.04375
85 0.4390625 0.3609375 0.115625 0.178125
85 0.4078125 0.7046875 0.05 0.153125
85 0.4703125 0.7046875 0.0703125 0.1578125
85 0.471875 0.6140625 0.05625 0.0515625
85 0.540625 0.353125 0.103125 0.19375
85 0.559375 0.6265625 0.1171875 0.059375
85 0.5578125 0.7265625 0.1125 0.171875
85 0.6296875 0.3546875 0.08125 0.203125
85 0.95625 0.79375 0.0859375 0.1625
85 0.9625 0.6890625 0.071875 0.0640625
85 0.9796875 0.3484375 0.0390625 0.240625
