88 0.196875 0.8671875 0.0421875 0.0578125
88 0.390625 0.509375 0.0703125 0.1
88 0.4203125 0.6828125 0.0625 0.065625
88 0.41875 0.8203125 0.05 0.0421875
88 0.4890625 0.5265625 0.1 0.0875
88 0.4953125 0.6984375 0.075 0.0703125
88 0.5015625 0.834375 0.0484375 0.0359375
88 0.56875 0.8671875 0.0546875 0.0484375
88 0.5828125 0.7078125 0.028125 0.053125
88 0.6421875 0.7328125 0.0546875 0.08125
88 0.64375 0.8859375 0.0453125 0.059375
88 0.7375 0.7578125 0.0765625 0.084375
88 0.725 0.9171875 0.05 0.053125
