86 0.1859375 0.4484375 0.1203125 0.184375
86 0.2015625 0.4140625 0.1515625 0.2265625
86 0.4265625 0.8375 0.603125 0.321875
86 0.20625 0.2875 0.075 0.040625
86 0.3796875 0.4859375 0.36875 0.1078125
86 0.26875 0.2328125 0.10625 0.0953125
86 0.259375 0.321875 0.0765625 0.0734375
86 0.3765625 0.3828125 0.234375 0.171875
86 0.4015625 0.4203125 0.2828125 0.1671875
86 0.3015625 0.2875 0.0625 0.0546875
86 0.4078125 0.2796875 0.0453125 0.028125
86 0.4421875 0.2859375 0.05625 0.028125
86 0.6234375 0.2625 0.053125 0.0125
86 0.640625 0.3125 0.08125 0.05625
86 0.728125 0.4515625 0.21875 0.340625
86 0.6796875 0.2640625 0.046875 0.03125
86 0.7046875 0.25 0.034375 0.028125
86 0.75 0.2515625 0.071875 0.025
86 0.7765625 0.2703125 0.0671875 0.034375
86 0.8328125 0.25 0.0578125 0.0328125
