86 0.265625 0.7515625 0.20625 0.175
86 0.059375 0.7046875 0.11875 0.159375
86 0.0921875 0.7828125 0.1828125 0.18125
86 0.1453125 0.7015625 0.053125 0.15
86 0.378125 0.753125 0.2046875 0.2421875
86 0.440625 0.490625 0.05 0.078125
86 0.4703125 0.590625 0.0484375 0.0453125
86 0.5484375 0.703125 0.1640625 0.175
86 0.5046875 0.5453125 0.04375 0.0625
86 0.6265625 0.7875 0.2359375 0.171875
86 0.5734375 0.4640625 0.028125 0.025
86 0.6 0.4671875 0.03125 0.0328125
86 0.6859375 0.4078125 0.04375 0.05625
86 0.69375 0.471875 0.0296875 0.0453125
86 0.7953125 0.7765625 0.228125 0.1953125
86 0.865625 0.4828125 0.046875 0.0609375
86 0.89375 0.4671875 0.034375 0.0421875
86 0.9328125 0.7421875 0.103125 0.246875
86 0.953125 0.671875 0.0921875 0.0796875
86 0.953125 0.828125 0.090625 0.0921875
