88 0.490625 0.2046875 0.1171875 0.0796875
88 0.4875 0.3078125 0.1109375 0.0875
88 0.496875 0.3984375 0.1140625 0.084375
88 0.5046875 0.490625 0.1140625 0.0828125
88 0.5859375 0.48125 0.1234375 0.0640625
88 0.5921875 0.2921875 0.09375 0.1203125
88 0.5984375 0.384375 0.09375 0.0734375
88 0.6015625 0.2015625 0.0875 0.0734375
88 0.696875 0.3703125 0.1375 0.09375
88 0.6875 0.2 0.1078125 0.071875
88 0.69375 0.296875 0.1171875 0.0984375
88 0.6953125 0.459375 0.06875 0.0734375
88 0.7796875 0.28125 0.090625 0.0828125
88 0.784375 0.2 0.096875 0.071875
88 0.8734375 0.2390625 0.0875 0.1328125
88 0.88125 0.3453125 0.0546875 0.0796875
