85 0.1703125 0.43125 0.1390625 0.0953125
85 0.178125 0.4984375 0.115625 0.1859375
85 0.3265625 0.534375 0.2796875 0.2140625
85 0.3453125 0.684375 0.240625 0.121875
85 0.346875 0.575 0.2421875 0.1140625
85 0.3484375 0.79375 0.225 0.121875
85 0.328125 0.396875 0.0765625 0.0328125
85 0.4484375 0.4296875 0.0765625 0.1046875
85 0.5671875 0.665625 0.2109375 0.1125
85 0.5671875 0.7640625 0.2015625 0.121875
85 0.5703125 0.5609375 0.2078125 0.1109375
85 0.565625 0.440625 0.134375 0.0890625
85 0.6484375 0.4203125 0.1109375 0.05625
85 0.8109375 0.56875 0.2578125 0.2828125
