86 0.028125 0.584375 0.05625 0.0390625
86 0.0609375 0.71875 0.121875 0.10625
86 0.0515625 0.653125 0.0875 0.128125
86 0.1171875 0.6875 0.1015625 0.146875
86 0.09375 0.5765625 0.0234375 0.025
86 0.1875 0.75 0.15625 0.11875
86 0.2390625 0.7234375 0.1484375 0.15625
86 0.2390625 0.5953125 0.065625 0.0359375
86 0.315625 0.775 0.1921875 0.1171875
86 0.3578125 0.584375 0.021875 0.0265625
86 0.396875 0.61875 0.0875 0.0625
86 0.44375 0.74375 0.1671875 0.178125
86 0.43125 0.65625 0.065625 0.0734375
86 0.5140625 0.675 0.1 0.1421875
86 0.7546875 0.778125 0.2328125 0.109375
86 0.728125 0.615625 0.040625 0.0609375
86 0.9390625 0.746875 0.121875 0.1734375
