86 0.859375 0.6203125 0.1875 0.4125
86 0.040625 0.65625 0.08125 0.2109375
86 0.1953125 0.7421875 0.175 0.1796875
86 0.21875 0.5921875 0.1296875 0.1640625
86 0.2515625 0.5671875 0.10625 0.1546875
86 0.33125 0.54375 0.0875 0.1328125
86 0.36875 0.5859375 0.1078125 0.16875
86 0.3828125 0.5140625 0.0765625 0.0953125
86 0.4125 0.4984375 0.0625 0.08125
86 0.4328125 0.5578125 0.0875 0.1484375
86 0.4796875 0.5390625 0.0765625 0.128125
86 0.5015625 0.50625 0.05 0.1015625
86 0.5203125 0.4703125 0.046875 0.065625
86 0.5296875 0.521875 0.0484375 0.1140625
86 0.5453125 0.4890625 0.05625 0.0734375
86 0.590625 0.6203125 0.115625 0.2125
86 0.553125 0.4359375 0.01875 0.01875
86 0.590625 0.4703125 0.0328125 0.065625
86 0.6046875 0.4859375 0.05 0.078125
86 0.6578125 0.68125 0.1515625 0.1265625
86 0.6484375 0.6515625 0.13125 0.1828125
86 0.6484375 0.4671875 0.0390625 0.071875
86 0.69375 0.5046875 0.0578125 0.06875
86 0.7296875 0.6140625 0.1203125 0.2109375
86 0.7375 0.4640625 0.03125 0.0328125
86 0.7625 0.559375 0.071875 0.1453125
86 0.796875 0.49375 0.059375 0.071875
86 0.803125 0.50625 0.0609375 0.0828125
86 0.803125 0.45 0.0421875 0.00625
86 0.8125 0.4453125 0.0359375 0.0203125
86 0.815625 0.4328125 0.0390625 0.0078125
86 0.86875 0.5609375 0.109375 0.1484375
86 0.8625 0.5015625 0.075 0.096875
86 0.86875 0.4625 0.0578125 0.05
