86 0.05 0.8484375 0.1 0.05
86 0.2015625 0.371875 0.1328125 0.15625
86 0.2671875 0.3359375 0.1015625 0.128125
86 0.2734375 0.375 0.084375 0.1453125
86 0.3890625 0.56875 0.2140625 0.303125
86 0.46875 0.759375 0.3375 0.23125
86 0.390625 0.321875 0.046875 0.0859375
86 0.4484375 0.3140625 0.0984375 0.1046875
86 0.4828125 0.3 0.075 0.1078125
86 0.50625 0.3203125 0.084375 0.1046875
86 0.5375 0.3046875 0.08125 0.103125
86 0.6796875 0.603125 0.065625 0.315625
86 0.7 0.3171875 0.028125 0.0140625
86 0.7890625 0.4734375 0.1375 0.215625
86 0.7578125 0.3078125 0.06875 0.0515625
86 0.7953125 0.2765625 0.0515625 0.0125
86 0.81875 0.4140625 0.0859375 0.190625
86 0.85625 0.35625 0.075 0.140625
86 0.878125 0.3375 0.0640625 0.128125
