86 0.128125 0.5609375 0.08125 0.078125
86 0.221875 0.5390625 0.0625 0.065625
86 0.26875 0.5984375 0.06875 0.115625
86 0.3203125 0.575 0.065625 0.1
86 0.396875 0.634375 0.0953125 0.1265625
86 0.375 0.5703125 0.040625 0.0953125
86 0.496875 0.60625 0.075 0.1296875
86 0.65 0.5515625 0.0703125 0.078125
86 0.7046875 0.5453125 0.0796875 0.06875
86 0.7046875 0.503125 0.0359375 0.015625
86 0.759375 0.5140625 0.0453125 0.0421875
86 0.8203125 0.5640625 0.0578125 0.075
86 0.91875 0.528125 0.0546875 0.05
86 0.953125 0.5578125 0.09375 0.0828125
86 0.9765625 0.690625 0.04375 0.121875
86 0.978125 0.54375 0.04375 0.0609375
