88 0.2046875 0.575 0.4078125 0.1515625
88 0.20625 0.640625 0.4125 0.0296875
88 0.2078125 0.278125 0.415625 0.1546875
88 0.2078125 0.7390625 0.415625 0.103125
88 0.209375 0.4359375 0.4171875 0.140625
88 0.4828125 0.4328125 0.0703125 0.465625
88 0.540625 0.45 0.04375 0.3328125
88 0.5765625 0.4859375 0.021875 0.1375
88 0.6125 0.5171875 0.0703125 0.05625
88 0.6953125 0.4890625 0.11875 0.1640625
88 0.7640625 0.4765625 0.065625 0.221875
88 0.8453125 0.4484375 0.1 0.3578125
88 0.95 0.45625 0.0984375 0.365625
