86 0.1921875 0.771875 0.1265625 0.121875
86 0.23125 0.740625 0.09375 0.1328125
86 0.321875 0.7703125 0.1125 0.1265625
86 0.3671875 0.7359375 0.0875 0.134375
86 0.4015625 0.6953125 0.0734375 0.090625
86 0.4265625 0.6765625 0.065625 0.0875
86 0.45625 0.6203125 0.028125 0.0359375
86 0.4890625 0.6890625 0.0671875 0.09375
86 0.490625 0.6765625 0.0625 0.084375
86 0.4734375 0.621875 0.0265625 0.04375
86 0.5296875 0.6140625 0.025 0.0421875
86 0.5375 0.6078125 0.028125 0.0296875
86 0.5734375 0.7046875 0.0859375 0.1125
86 0.5859375 0.7375 0.0953125 0.1234375
86 0.5640625 0.65625 0.0484375 0.0703125
86 0.640625 0.6625 0.05 0.0765625
86 0.678125 0.7125 0.0859375 0.121875
86 0.7015625 0.740625 0.0875 0.121875
86 0.7046875 0.6265625 0.046875 0.0453125
86 0.75625 0.6953125 0.0671875 0.090625
86 0.7453125 0.628125 0.0328125 0.0515625
86 0.78125 0.63125 0.0359375 0.0453125
86 0.809375 0.68125 0.05 0.084375
86 0.8421875 0.69375 0.0640625 0.084375
86 0.8859375 0.646875 0.05 0.05625
86 0.9359375 0.65 0.04375 0.0640625
86 0.971875 0.6578125 0.053125 0.0671875
86 0.9859375 0.6484375 0.0265625 0.0609375
