85 0.4390625 0.6921875 0.621875 0.615625
85 0.2546875 0.159375 0.1578125 0.3171875
85 0.3078125 0.69375 0.1921875 0.1359375
85 0.3171875 0.853125 0.16875 0.2921875
85 0.440625 0.1796875 0.13125 0.353125
85 0.53125 0.6390625 0.1296875 0.0875
85 0.5234375 0.796875 0.109375 0.2640625
85 0.5390625 0.1796875 0.1 0.3390625
85 0.6203125 0.234375 0.09375 0.225
85 0.628125 0.7421875 0.09375 0.234375
85 0.63125 0.6046875 0.09375 0.071875
85 0.7015625 0.6828125 0.08125 0.1921875
85 0.7046875 0.5734375 0.0828125 0.065625
