86 0.1453125 0.6578125 0.1703125 0.1796875
86 0.0546875 0.6796875 0.1078125 0.1046875
86 0.303125 0.69375 0.128125 0.11875
86 0.3765625 0.4125 0.0234375 0.040625
86 0.3859375 0.4234375 0.0265625 0.0484375
86 0.4234375 0.7109375 0.090625 0.109375
86 0.3875 0.409375 0.0171875 0.0359375
86 0.4703125 0.4265625 0.03125 0.040625
86 0.5703125 0.7109375 0.1 0.11875
86 0.634375 0.425 0.025 0.040625
86 0.64375 0.434375 0.03125 0.0453125
86 0.7109375 0.725 0.1359375 0.1125
86 0.740625 0.38125 0.178125 0.0609375
86 0.6875 0.4359375 0.0375 0.0453125
86 0.675 0.4015625 0.00625 0.009375
86 0.6828125 0.409375 0.0109375 0.0140625
86 0.8390625 0.71875 0.146875 0.10625
