88 0.015625 0.809375 0.0296875 0.04375
88 0.09375 0.6796875 0.1859375 0.103125
88 0.1890625 0.7953125 0.3453125 0.075
88 0.2203125 0.5765625 0.2453125 0.16875
88 0.375 0.6375 0.1609375 0.1671875
88 0.390625 0.4875 0.084375 0.015625
88 0.4421875 0.65625 0.1796875 0.1890625
88 0.421875 0.490625 0.0859375 0.0140625
88 0.53125 0.6953125 0.203125 0.2109375
88 0.5421875 0.5078125 0.2203125 0.0375
88 0.63125 0.721875 0.2484375 0.221875
88 0.5984375 0.4875 0.1 0.0328125
88 0.7203125 0.546875 0.14375 0.046875
88 0.80625 0.7421875 0.2984375 0.178125
88 0.7171875 0.5078125 0.1109375 0.0421875
88 0.8046875 0.5515625 0.1734375 0.0359375
