86 0.0265625 0.5671875 0.053125 0.09375
86 0.0328125 0.7609375 0.0640625 0.1953125
86 0.04375 0.615625 0.0875 0.14375
86 0.0875 0.45 0.0328125 0.0359375
86 0.1328125 0.44375 0.0328125 0.0171875
86 0.29375 0.78125 0.1640625 0.1859375
86 0.3265625 0.646875 0.0921875 0.025
86 0.334375 0.590625 0.0921875 0.0953125
86 0.353125 0.6890625 0.121875 0.1671875
86 0.5578125 0.5828125 0.10625 0.1765625
86 0.5734375 0.4609375 0.028125 0.05625
86 0.628125 0.609375 0.10625 0.1875
86 0.6 0.465625 0.0484375 0.0515625
86 0.6734375 0.653125 0.1234375 0.1828125
86 0.6515625 0.496875 0.0734375 0.096875
86 0.7046875 0.66875 0.1515625 0.19375
86 0.7421875 0.784375 0.21875 0.1796875
86 0.7296875 0.73125 0.1796875 0.1984375
86 0.7390625 0.5046875 0.0765625 0.0984375
86 0.8140625 0.50625 0.0984375 0.1046875
