86 0.0359375 0.6265625 0.0703125 0.1890625
86 0.090625 0.590625 0.1078125 0.128125
86 0.125 0.4265625 0.0484375 0.059375
86 0.1578125 0.4265625 0.0484375 0.0640625
86 0.190625 0.425 0.053125 0.0671875
86 0.2359375 0.3859375 0.0265625 0.0078125
86 0.2515625 0.4296875 0.05 0.065625
86 0.26875 0.421875 0.0421875 0.0609375
86 0.303125 0.43125 0.0515625 0.078125
86 0.3359375 0.4234375 0.040625 0.0734375
86 0.371875 0.43125 0.053125 0.0734375
86 0.3859375 0.5234375 0.0359375 0.0859375
86 0.4828125 0.815625 0.184375 0.1171875
86 0.4078125 0.4265625 0.0265625 0.078125
86 0.4234375 0.4375 0.059375 0.08125
86 0.434375 0.3875 0.0265625 0.015625
86 0.4640625 0.428125 0.046875 0.075
86 0.4640625 0.3828125 0.015625 0.015625
86 0.5203125 0.3828125 0.0265625 0.0125
86 0.553125 0.415625 0.040625 0.0734375
86 0.5828125 0.56875 0.09375 0.1625
86 0.5828125 0.4125 0.0484375 0.0734375
86 0.6203125 0.4078125 0.053125 0.0703125
86 0.715625 0.725 0.2265625 0.2984375
86 0.6625 0.515625 0.071875 0.1171875
86 0.6703125 0.421875 0.0625 0.0734375
86 0.6984375 0.4171875 0.0546875 0.0828125
86 0.7375 0.425 0.065625 0.0890625
86 0.7265625 0.409375 0.0375 0.0828125
86 0.76875 0.41875 0.0484375 0.08125
86 0.8328125 0.703125 0.165625 0.29375
86 0.875 0.8078125 0.246875 0.1328125
86 0.7953125 0.41875 0.046875 0.071875
