88 0.01875 0.4421875 0.0375 0.2078125
88 0.025 0.5890625 0.05 0.0859375
88 0.03125 0.6796875 0.0625 0.0734375
88 0.034375 0.7703125 0.06875 0.0984375
88 0.128125 0.740625 0.18125 0.15625
88 0.1265625 0.4390625 0.165625 0.19375
88 0.13125 0.578125 0.16875 0.09375
88 0.1296875 0.6484375 0.159375 0.0875
88 0.346875 0.4484375 0.1140625 0.165625
88 0.3546875 0.55625 0.0984375 0.05
88 0.3578125 0.6328125 0.0890625 0.09375
88 0.365625 0.703125 0.09375 0.096875
88 0.471875 0.5609375 0.1390625 0.096875
88 0.48125 0.6421875 0.13125 0.0734375
88 0.4828125 0.4484375 0.134375 0.1953125
88 0.4953125 0.725 0.1265625 0.0984375
88 0.628125 0.5859375 0.171875 0.0984375
88 0.634375 0.7421875 0.1796875 0.078125
88 0.6359375 0.6578125 0.178125 0.078125
88 0.640625 0.5375 0.1515625 0.084375
88 0.80625 0.753125 0.2125 0.121875
88 0.8203125 0.6671875 0.215625 0.1078125
88 0.821875 0.528125 0.20625 0.0828125
88 0.8265625 0.6046875 0.2125 0.0875
