88 0.0375 0.4859375 0.075 0.0171875
88 0.0390625 0.5046875 0.078125 0.021875
88 0.0375 0.4671875 0.071875 0.0234375
88 0.0375 0.5578125 0.065625 0.0375
88 0.0375 0.5265625 0.0625 0.021875
88 0.14375 0.459375 0.028125 0.025
88 0.15 0.48125 0.0125 0.0234375
88 0.18125 0.5265625 0.0765625 0.03125
88 0.184375 0.584375 0.0796875 0.034375
88 0.1859375 0.553125 0.0828125 0.028125
88 0.190625 0.6265625 0.0859375 0.0578125
88 0.184375 0.49375 0.0703125 0.021875
88 0.1875 0.4703125 0.046875 0.015625
88 0.1921875 0.4546875 0.05625 0.0265625
88 0.2421875 0.440625 0.0515625 0.028125
88 0.2390625 0.5171875 0.0390625 0.0125
88 0.24375 0.5296875 0.0453125 0.01875
88 0.2453125 0.4703125 0.046875 0.0296875
88 0.24375 0.5515625 0.040625 0.0359375
88 0.246875 0.4921875 0.0484375 0.021875
88 0.2453125 0.634375 0.025 0.046875
88 0.2484375 0.5875 0.028125 0.0390625
88 0.2828125 0.6421875 0.04375 0.0546875
88 0.2828125 0.5984375 0.040625 0.0375
88 0.2859375 0.5234375 0.034375 0.0359375
88 0.2875 0.46875 0.0375 0.025
88 0.290625 0.5609375 0.0375 0.034375
88 0.2890625 0.4921875 0.03125 0.03125
88 0.2921875 0.440625 0.0375 0.0296875
88 0.33125 0.6171875 0.0640625 0.0421875
88 0.3359375 0.584375 0.065625 0.021875
88 0.334375 0.509375 0.0609375 0.028125
88 0.334375 0.45625 0.05625 0.034375
88 0.3390625 0.484375 0.065625 0.03125
88 0.334375 0.4265625 0.0546875 0.0375
88 0.3390625 0.5578125 0.065625 0.0328125
88 0.3359375 0.6546875 0.053125 0.05
88 0.340625 0.5328125 0.05625 0.0296875
88 0.3984375 0.671875 0.09375 0.059375
88 0.3953125 0.45 0.084375 0.0375
88 0.396875 0.628125 0.0859375 0.0296875
88 0.384375 0.534375 0.0484375 0.028125
88 0.4 0.50625 0.0734375 0.0234375
88 0.4015625 0.5953125 0.0765625 0.028125
88 0.4015625 0.4171875 0.0640625 0.025
88 0.403125 0.575 0.065625 0.034375
88 0.4046875 0.478125 0.06875 0.028125
88 0.509375 0.440625 0.1109375 0.034375
88 0.5109375 0.3984375 0.1046875 0.0296875
88 0.5140625 0.5421875 0.1046875 0.0375
88 0.51875 0.5046875 0.10625 0.028125
88 0.515625 0.471875 0.1 0.0359375
88 0.5734375 0.5734375 0.2109375 0.0375
88 0.525 0.6046875 0.103125 0.040625
88 0.5203125 0.653125 0.0890625 0.0296875
88 0.5375 0.6984375 0.0625 0.065625
88 0.634375 0.3765625 0.1609375 0.053125
88 0.63125 0.4578125 0.140625 0.0515625
88 0.625 0.6203125 0.125 0.0390625
88 0.640625 0.5359375 0.1546875 0.04375
88 0.6421875 0.6609375 0.1578125 0.053125
88 0.6421875 0.4265625 0.1328125 0.065625
88 0.640625 0.5046875 0.1265625 0.046875
88 0.6703125 0.7109375 0.096875 0.0609375
88 0.81875 0.3328125 0.2609375 0.0625
88 0.821875 0.3984375 0.25 0.0671875
88 0.96875 0.565625 0.0609375 0.059375
88 0.96875 0.328125 0.059375 0.0625
88 0.971875 0.4484375 0.0546875 0.0703125
88 0.971875 0.3828125 0.053125 0.0609375
88 0.9734375 0.6328125 0.0515625 0.0609375
88 0.975 0.7 0.0484375 0.0671875
88 0.975 0.5046875 0.046875 0.0609375
88 0.978125 0.765625 0.040625 0.084375
