88 0.04375 0.46875 0.0859375 0.0703125
88 0.04375 0.525 0.0859375 0.0390625
88 0.04375 0.340625 0.0875 0.04375
88 0.04375 0.390625 0.0875 0.0578125
88 0.0546875 0.4328125 0.1078125 0.05
88 0.1515625 0.3859375 0.1375 0.04375
88 0.146875 0.34375 0.1265625 0.04375
88 0.1421875 0.4296875 0.109375 0.04375
88 0.2015625 0.425 0.028125 0.05625
88 0.203125 0.4671875 0.0203125 0.05
88 0.2203125 0.34375 0.0296875 0.0265625
88 0.228125 0.46875 0.0359375 0.05
88 0.23125 0.38125 0.0359375 0.0453125
88 0.2328125 0.428125 0.0296875 0.0515625
88 0.246875 0.2953125 0.0296875 0.0578125
88 0.2515625 0.4015625 0.021875 0.0625
88 0.253125 0.45625 0.025 0.05
88 0.259375 0.5125 0.01875 0.05
88 0.259375 0.35 0.015625 0.0390625
88 0.2796875 0.328125 0.05 0.0796875
88 0.2796875 0.259375 0.04375 0.09375
88 0.28125 0.396875 0.0421875 0.0609375
88 0.2828125 0.4609375 0.0359375 0.0765625
88 0.290625 0.5265625 0.03125 0.059375
88 0.3328125 0.284375 0.06875 0.1453125
88 0.334375 0.2140625 0.05 0.0859375
88 0.3375 0.3796875 0.059375 0.084375
88 0.3375 0.4625 0.0515625 0.096875
88 0.34375 0.5359375 0.0546875 0.06875
88 0.5484375 0.303125 0.0609375 0.0546875
88 0.5546875 0.39375 0.06875 0.05625
88 0.5578125 0.359375 0.0703125 0.0640625
88 0.5546875 0.446875 0.0609375 0.04375
88 0.56875 0.490625 0.0796875 0.0453125
88 0.621875 0.2734375 0.0765625 0.0703125
88 0.6328125 0.3390625 0.0859375 0.0515625
88 0.6296875 0.38125 0.0703125 0.0546875
88 0.634375 0.4390625 0.078125 0.0453125
88 0.646875 0.496875 0.0796875 0.0359375
88 0.734375 0.3796875 0.153125 0.0546875
88 0.734375 0.31875 0.134375 0.08125
88 0.7359375 0.2484375 0.115625 0.0734375
88 0.759375 0.5 0.0578125 0.04375
88 0.9 0.440625 0.1984375 0.1
88 0.8921875 0.209375 0.1796875 0.0859375
88 0.9 0.35 0.196875 0.084375
88 0.8921875 0.28125 0.1796875 0.09375
88 0.8984375 0.534375 0.1875 0.10625
