86 0.165625 0.5765625 0.171875 0.196875
86 0.053125 0.5015625 0.10625 0.221875
86 0.18125 0.453125 0.16875 0.1578125
86 0.2125 0.4046875 0.09375 0.1078125
86 0.3640625 0.5921875 0.28125 0.3046875
86 0.4796875 0.4140625 0.0578125 0.0828125
86 0.5515625 0.53125 0.134375 0.253125
86 0.6046875 0.515625 0.1390625 0.1609375
86 0.571875 0.3671875 0.0359375 0.028125
86 0.678125 0.459375 0.1109375 0.1640625
86 0.646875 0.3546875 0.0203125 0.0125
86 0.665625 0.353125 0.028125 0.0265625
86 0.8015625 0.603125 0.28125 0.3765625
86 0.771875 0.3890625 0.0328125 0.0546875
86 0.828125 0.3515625 0.0140625 0.0296875
86 0.921875 0.4515625 0.1046875 0.1171875
86 0.9171875 0.5046875 0.08125 0.225
86 0.9328125 0.471875 0.078125 0.1828125
86 0.984375 0.3796875 0.01875 0.096875
