86 0.0796875 0.5171875 0.159375 0.23125
86 0.0578125 0.38125 0.0609375 0.0421875
86 0.134375 0.3765625 0.0421875 0.053125
86 0.1765625 0.4515625 0.0890625 0.1828125
86 0.1890625 0.3515625 0.0671875 0.046875
86 0.265625 0.4421875 0.109375 0.1484375
86 0.278125 0.3390625 0.025 0.040625
86 0.375 0.6296875 0.171875 0.16875
86 0.328125 0.3953125 0.0578125 0.1328125
86 0.3375 0.321875 0.0296875 0.0421875
86 0.4421875 0.6109375 0.1859375 0.2125
86 0.3828125 0.325 0.034375 0.04375
86 0.5421875 0.434375 0.090625 0.0578125
86 0.61875 0.64375 0.1921875 0.1640625
86 0.6328125 0.6515625 0.2015625 0.2515625
86 0.6640625 0.44375 0.1140625 0.059375
