86 0.0421875 0.6734375 0.084375 0.271875
86 0.0875 0.609375 0.1734375 0.1984375
86 0.0921875 0.803125 0.184375 0.140625
86 0.159375 0.59375 0.1359375 0.1734375
86 0.20625 0.58125 0.1 0.1546875
86 0.3453125 0.7265625 0.328125 0.29375
86 0.240625 0.575 0.0625 0.1640625
86 0.278125 0.5875 0.1234375 0.14375
86 0.325 0.5875 0.1046875 0.1453125
86 0.3640625 0.5859375 0.1375 0.1609375
86 0.3671875 0.5125 0.0703125 0.034375
86 0.55 0.6921875 0.25 0.2984375
86 0.603125 0.6046875 0.18125 0.1578125
86 0.603125 0.5734375 0.0546875 0.146875
86 0.6703125 0.59375 0.1328125 0.1734375
86 0.6265625 0.5296875 0.0390625 0.071875
86 0.771875 0.5765625 0.1109375 0.1546875
