88 0.2625 0.375 0.0359375 0.06875
88 0.265625 0.4234375 0.03125 0.046875
88 0.3109375 0.3671875 0.059375 0.0578125
88 0.3234375 0.4125 0.0546875 0.04375
88 0.3234375 0.4421875 0.04375 0.0390625
88 0.428125 0.3703125 0.0734375 0.059375
88 0.425 0.421875 0.0484375 0.040625
88 0.4484375 0.58125 0.0921875 0.0828125
88 0.4546875 0.5125 0.0953125 0.053125
88 0.534375 0.5625 0.09375 0.059375
88 0.5359375 0.5078125 0.0953125 0.075
88 0.628125 0.384375 0.1203125 0.0703125
88 0.646875 0.4453125 0.096875 0.0453125
88 0.7515625 0.7203125 0.28125 0.1671875
88 0.76875 0.55625 0.296875 0.171875
88 0.7046875 0.3875 0.0421875 0.0640625
