88 0.1859375 0.528125 0.0390625 0.0640625
88 0.2046875 0.45625 0.053125 0.059375
88 0.240625 0.45625 0.0296875 0.0609375
88 0.28125 0.475 0.0546875 0.1203125
88 0.3453125 0.5875 0.096875 0.0984375
88 0.3421875 0.471875 0.071875 0.1234375
88 0.4453125 0.5109375 0.0703125 0.234375
88 0.4578125 0.7140625 0.078125 0.1359375
88 0.553125 0.50625 0.1359375 0.2390625
88 0.56875 0.7140625 0.1421875 0.153125
88 0.8375 0.528125 0.321875 0.1046875
88 0.8328125 0.765625 0.2953125 0.078125
88 0.846875 0.4265625 0.3046875 0.1359375
88 0.85 0.6546875 0.2984375 0.090625
