88 0.38125 0.6609375 0.096875 0.15
88 0.4359375 0.8203125 0.15 0.178125
88 0.41875 0.4390625 0.0734375 0.0984375
88 0.43125 0.2390625 0.0515625 0.0796875
88 0.4578125 0.578125 0.1046875 0.1015625
88 0.5171875 0.6875 0.1671875 0.1875
88 0.5171875 0.2484375 0.1140625 0.090625
88 0.5296875 0.825 0.13125 0.115625
88 0.540625 0.4375 0.14375 0.0921875
88 0.528125 0.303125 0.09375 0.0390625
88 0.5328125 0.3578125 0.096875 0.05625
88 0.56875 0.5390625 0.146875 0.125
88 0.68125 0.4375 0.0296875 0.0328125
88 0.69375 0.475 0.05 0.0328125
88 0.725 0.421875 0.0484375 0.0515625
