86 0.1359375 0.7375 0.2515625 0.1890625
86 0.0796875 0.665625 0.1578125 0.109375
86 0.175 0.59375 0.0796875 0.0515625
86 0.2328125 0.6703125 0.1484375 0.1125
86 0.2234375 0.546875 0.053125 0.03125
86 0.2765625 0.603125 0.1015625 0.0796875
86 0.3 0.546875 0.0765625 0.03125
86 0.39375 0.775 0.2328125 0.1140625
86 0.4390625 0.634375 0.05625 0.03125
86 0.4390625 0.540625 0.04375 0.0125
86 0.484375 0.578125 0.0140625 0.034375
86 0.509375 0.6625 0.0640625 0.09375
86 0.6203125 0.7703125 0.215625 0.121875
86 0.7234375 0.6609375 0.128125 0.09375
86 0.8375 0.771875 0.221875 0.1203125
86 0.8921875 0.6421875 0.0734375 0.0578125
86 0.9359375 0.553125 0.046875 0.040625
86 0.959375 0.6078125 0.08125 0.0859375
