88 0.025 0.56875 0.0484375 0.05
88 0.03125 0.5015625 0.053125 0.0421875
88 0.0296875 0.5421875 0.04375 0.034375
88 0.146875 0.5375 0.0171875 0.15
88 0.1671875 0.546875 0.028125 0.1578125
88 0.1984375 0.54375 0.01875 0.13125
88 0.2015625 0.628125 0.0203125 0.0265625
88 0.209375 0.54375 0.0234375 0.1296875
88 0.2078125 0.6 0.0203125 0.021875
88 0.2140625 0.6203125 0.0078125 0.01875
88 0.35625 0.7046875 0.1875 0.0953125
88 0.3578125 0.8015625 0.1703125 0.09375
88 0.3125 0.5390625 0.0203125 0.0546875
88 0.5515625 0.4859375 0.0125 0.0265625
88 0.55625 0.4640625 0.021875 0.0171875
88 0.56875 0.5046875 0.0203125 0.0234375
88 0.659375 0.8046875 0.196875 0.078125
88 0.58125 0.446875 0.0125 0.0265625
88 0.5875 0.6234375 0.0140625 0.03125
88 0.590625 0.471875 0.0109375 0.0390625
88 0.690625 0.7125 0.1859375 0.078125
88 0.640625 0.4578125 0.015625 0.0375
88 0.6421875 0.425 0.0171875 0.021875
88 0.640625 0.4984375 0.0125 0.0296875
88 0.6609375 0.415625 0.01875 0.0453125
88 0.6921875 0.4046875 0.0375 0.0375
88 0.7 0.48125 0.0234375 0.0578125
88 0.7015625 0.578125 0.015625 0.046875
88 0.7 0.534375 0.0078125 0.04375
88 0.7046875 0.4390625 0.015625 0.0578125
