86 0.38125 0.6515625 0.253125 0.26875
86 0.0671875 0.725 0.134375 0.11875
86 0.1 0.6375 0.1984375 0.2953125
86 0.2578125 0.509375 0.1171875 0.0828125
86 0.384375 0.515625 0.09375 0.10625
86 0.4359375 0.471875 0.025 0.04375
86 0.4359375 0.4671875 0.015625 0.0390625
86 0.521875 0.5046875 0.0515625 0.0828125
86 0.5125 0.453125 0.021875 0.015625
86 0.5421875 0.45625 0.021875 0.015625
86 0.6171875 0.553125 0.10625 0.1796875
86 0.6171875 0.49375 0.0546875 0.090625
86 0.73125 0.471875 0.0703125 0.040625
86 0.840625 0.6265625 0.2125 0.3
86 0.83125 0.459375 0.0421875 0.040625
86 0.940625 0.5578125 0.115625 0.20625
86 0.9203125 0.4515625 0.0421875 0.04375
86 0.978125 0.46875 0.028125 0.0625
