88 0.5 0.278125 0.9984375 0.1296875
88 0.575 0.5671875 0.1 0.090625
88 0.56875 0.6078125 0.078125 0.0484375
88 0.56875 0.4828125 0.0796875 0.059375
88 0.578125 0.4203125 0.096875 0.0859375
88 0.575 0.696875 0.0875 0.05
88 0.69375 0.7265625 0.1671875 0.0984375
88 0.7015625 0.6703125 0.1609375 0.1109375
88 0.7015625 0.521875 0.1546875 0.075
88 0.7046875 0.6125 0.1609375 0.1203125
88 0.8671875 0.7375 0.1828125 0.0953125
88 0.8765625 0.5984375 0.1953125 0.1109375
88 0.8921875 0.5140625 0.2140625 0.1109375
88 0.896875 0.4234375 0.2046875 0.09375
88 0.884375 0.678125 0.165625 0.11875
88 0.978125 0.7109375 0.0421875 0.128125
