88 0.05 0.675 0.0453125 0.046875
88 0.05 0.628125 0.0359375 0.05625
88 0.0546875 0.578125 0.0390625 0.040625
88 0.0984375 0.6984375 0.06875 0.0609375
88 0.1 0.58125 0.053125 0.0421875
88 0.1078125 0.640625 0.05625 0.0390625
88 0.1578125 0.6546875 0.05625 0.0625
88 0.15625 0.5875 0.0484375 0.0625
88 0.1609375 0.7140625 0.0578125 0.0765625
88 0.2265625 0.66875 0.084375 0.0796875
88 0.2296875 0.73125 0.078125 0.0640625
88 0.2296875 0.596875 0.075 0.059375
88 0.3203125 0.609375 0.109375 0.075
88 0.328125 0.690625 0.1171875 0.0953125
88 0.3265625 0.753125 0.1078125 0.115625
88 0.4609375 0.715625 0.1609375 0.115625
88 0.459375 0.8 0.1546875 0.115625
88 0.4546875 0.6203125 0.1421875 0.078125
88 0.6140625 0.8234375 0.184375 0.09375
88 0.628125 0.6390625 0.2078125 0.103125
88 0.63125 0.7546875 0.184375 0.15
88 0.8078125 0.84375 0.1609375 0.0578125
88 0.8640625 0.6671875 0.2703125 0.1296875
88 0.8625 0.765625 0.259375 0.1453125
