86 0.165625 0.4890625 0.0734375 0.0734375
86 0.1953125 0.5 0.0890625 0.1
86 0.253125 0.51875 0.11875 0.125
86 0.328125 0.546875 0.1375 0.15625
86 0.3953125 0.5625 0.215625 0.1453125
86 0.3203125 0.45 0.046875 0.0265625
86 0.3328125 0.459375 0.0578125 0.03125
86 0.40625 0.184375 0.096875 0.0421875
86 0.4078125 0.4734375 0.0546875 0.05
86 0.4265625 0.4421875 0.0390625 0.0265625
86 0.44375 0.4640625 0.0484375 0.0578125
86 0.4953125 0.46875 0.065625 0.0515625
86 0.5 0.4421875 0.0546875 0.021875
86 0.515625 0.5125 0.075 0.1140625
86 0.5203125 0.18125 0.084375 0.040625
86 0.51875 0.428125 0.0328125 0.0078125
86 0.5640625 0.4453125 0.053125 0.05625
86 0.6265625 0.5515625 0.1734375 0.1546875
86 0.584375 0.509375 0.0703125 0.128125
86 0.6015625 0.4421875 0.046875 0.0203125
86 0.5984375 0.4296875 0.0265625 0.015625
86 0.6109375 0.4203125 0.01875 0.021875
86 0.7015625 0.1765625 0.178125 0.046875
86 0.6546875 0.4421875 0.04375 0.05
86 0.6828125 0.434375 0.021875 0.04375
86 0.7109375 0.475 0.0515625 0.078125
86 0.759375 0.528125 0.146875 0.153125
86 0.70625 0.428125 0.0296875 0.0140625
86 0.7109375 0.4171875 0.015625 0.0109375
86 0.74375 0.45625 0.0328125 0.0765625
86 0.7609375 0.4296875 0.0203125 0.0265625
86 0.7796875 0.428125 0.015625 0.0265625
86 0.8359375 0.4984375 0.1234375 0.125
86 0.80625 0.4515625 0.0390625 0.0578125
86 0.84375 0.4328125 0.0328125 0.0296875
86 0.903125 0.4671875 0.0796875 0.09375
86 0.9265625 0.446875 0.0546875 0.084375
