86 0.01875 0.759375 0.0375 0.115625
86 0.0328125 0.728125 0.065625 0.1046875
86 0.1375 0.6828125 0.084375 0.159375
86 0.246875 0.746875 0.1625 0.225
86 0.2171875 0.609375 0.040625 0.040625
86 0.30625 0.6109375 0.040625 0.0359375
86 0.6359375 0.7390625 0.153125 0.228125
86 0.609375 0.6015625 0.021875 0.03125
86 0.721875 0.6453125 0.046875 0.0625
86 0.7421875 0.6390625 0.046875 0.0546875
86 0.765625 0.6375 0.0390625 0.0640625
86 0.775 0.59375 0.046875 0.0265625
86 0.9671875 0.759375 0.0640625 0.2125
86 0.98125 0.60625 0.0359375 0.03125
86 0.9890625 0.6828125 0.0203125 0.0984375
