86 0.290625 0.575 0.06875 0.10625
86 0.31875 0.5984375 0.0734375 0.13125
86 0.3765625 0.6484375 0.1328125 0.184375
86 0.365625 0.615625 0.09375 0.15
86 0.353125 0.5421875 0.0578125 0.06875
86 0.4421875 0.684375 0.1703125 0.225
86 0.4171875 0.5171875 0.046875 0.0203125
86 0.5359375 0.71875 0.2078125 0.2265625
86 0.521875 0.515625 0.028125 0.0203125
86 0.571875 0.5234375 0.0328125 0.0265625
86 0.6140625 0.528125 0.0390625 0.0296875
86 0.6984375 0.6015625 0.0734375 0.1609375
86 0.775 0.609375 0.109375 0.15625
86 0.909375 0.7171875 0.178125 0.2296875
86 0.9171875 0.6484375 0.1140625 0.2140625
