88 0.409375 0.471875 0.0375 0.0328125
88 0.4125 0.4390625 0.04375 0.0296875
88 0.415625 0.50625 0.0515625 0.0375
88 0.4140625 0.41875 0.040625 0.0265625
88 0.4578125 0.475 0.046875 0.028125
88 0.453125 0.5046875 0.025 0.0171875
88 0.459375 0.4125 0.0359375 0.01875
88 0.4609375 0.440625 0.034375 0.0296875
88 0.490625 0.4296875 0.0359375 0.0203125
88 0.496875 0.415625 0.0359375 0.009375
88 0.496875 0.478125 0.0359375 0.015625
88 0.49375 0.4625 0.028125 0.0140625
88 0.5015625 0.4453125 0.0328125 0.025
88 0.496875 0.496875 0.0234375 0.009375
88 0.5296875 0.4640625 0.0359375 0.0140625
88 0.5359375 0.5015625 0.0390625 0.0125
88 0.5328125 0.4109375 0.0296875 0.0125
88 0.5328125 0.4515625 0.0296875 0.021875
88 0.534375 0.4328125 0.0265625 0.0203125
88 0.534375 0.4796875 0.0234375 0.0109375
88 0.5734375 0.4453125 0.0546875 0.034375
88 0.5734375 0.4140625 0.0390625 0.0171875
88 0.578125 0.4703125 0.0390625 0.028125
88 0.5859375 0.503125 0.0546875 0.034375
88 0.6171875 0.4125 0.0453125 0.0203125
88 0.61875 0.478125 0.0359375 0.034375
88 0.61875 0.4390625 0.03125 0.0296875
88 0.6234375 0.5015625 0.0265625 0.01875
