85 0.0515625 0.484375 0.0953125 0.3296875
85 0.2375 0.59375 0.30625 0.178125
85 0.171875 0.621875 0.0796875 0.08125
85 0.175 0.5703125 0.0796875 0.04375
85 0.3890625 0.4140625 0.1453125 0.2
85 0.353125 0.55 0.0515625 0.040625
85 0.3609375 0.578125 0.0671875 0.046875
85 0.396875 0.4796875 0.134375 0.053125
85 0.4015625 0.3390625 0.134375 0.05625
85 0.3984375 0.3890625 0.1234375 0.053125
85 0.3984375 0.4390625 0.125 0.04375
85 0.596875 0.6265625 0.3484375 0.2125
85 0.89375 0.609375 0.209375 0.23125
