89 0.15 0.7859375 0.2984375 0.1765625
89 0.1875 0.7328125 0.375 0.19375
89 0.203125 0.675 0.40625 0.125
89 0.209375 0.640625 0.4171875 0.103125
89 0.2609375 0.6234375 0.3484375 0.0796875
89 0.290625 0.6046875 0.309375 0.0609375
89 0.3015625 0.596875 0.29375 0.0609375
89 0.325 0.590625 0.25625 0.05625
89 0.3328125 0.584375 0.25625 0.046875
89 0.3375 0.578125 0.2453125 0.0421875
89 0.6703125 0.5765625 0.2765625 0.046875
89 0.6703125 0.58125 0.2625 0.0421875
89 0.6765625 0.590625 0.2609375 0.0515625
89 0.7234375 0.60625 0.334375 0.0734375
89 0.7375 0.621875 0.340625 0.0765625
89 0.7921875 0.6390625 0.4140625 0.1078125
89 0.8046875 0.6703125 0.3890625 0.13125
89 0.825 0.725 0.346875 0.1890625
