85 0.228125 0.321875 0.0890625 0.1390625
85 0.3 0.3375 0.053125 0.1140625
85 0.35625 0.4125 0.059375 0.21875
85 0.3921875 0.3671875 0.0359375 0.103125
85 0.4265625 0.3765625 0.03125 0.090625
85 0.453125 0.415625 0.03125 0.14375
85 0.4609375 0.7921875 0.040625 0.1625
85 0.4578125 0.7 0.0296875 0.075
85 0.4859375 0.7578125 0.0296875 0.165625
85 0.4984375 0.4125 0.0515625 0.1359375
85 0.5046875 0.7171875 0.0265625 0.1296875
85 0.5578125 0.6171875 0.0578125 0.0375
85 0.5609375 0.40625 0.0625 0.14375
85 0.5609375 0.6890625 0.0578125 0.1140625
85 0.6375 0.3609375 0.0765625 0.05
85 0.7265625 0.3578125 0.0875 0.053125
