82 0.0796875 0.621875 0.11875 0.0984375
82 0.0625 0.5125 0.0375 0.0203125
82 0.1890625 0.55625 0.040625 0.028125
82 0.259375 0.6578125 0.0875 0.0828125
82 0.3046875 0.4734375 0.0453125 0.0203125
82 0.378125 0.6921875 0.1703125 0.15
82 0.44375 0.4796875 0.0484375 0.0265625
82 0.603125 0.7515625 0.215625 0.1609375
82 0.546875 0.4828125 0.053125 0.0203125
82 0.7125 0.74375 0.1953125 0.178125
82 0.653125 0.484375 0.046875 0.040625
82 0.78125 0.484375 0.05625 0.0359375
82 0.9140625 0.4875 0.065625 0.0546875
