86 0.190625 0.665625 0.16875 0.184375
86 0.0140625 0.4515625 0.028125 0.015625
86 0.028125 0.49375 0.05625 0.0484375
86 0.0265625 0.4390625 0.0359375 0.0109375
86 0.0703125 0.4515625 0.0328125 0.015625
86 0.0921875 0.5203125 0.059375 0.059375
86 0.08125 0.4421875 0.034375 0.00625
86 0.1125 0.4765625 0.04375 0.015625
86 0.1203125 0.4625 0.0328125 0.0125
86 0.13125 0.440625 0.0375 0.00625
86 0.13125 0.4515625 0.0328125 0.009375
86 0.1828125 0.4765625 0.046875 0.015625
86 0.1859375 0.496875 0.0484375 0.0203125
86 0.1875 0.4640625 0.0265625 0.0109375
86 0.2234375 0.44375 0.025 0.0078125
86 0.2390625 0.4625 0.0375 0.0140625
86 0.26875 0.4890625 0.046875 0.0328125
86 0.2671875 0.446875 0.021875 0.0125
86 0.290625 0.4640625 0.03125 0.009375
86 0.2875 0.4546875 0.0203125 0.009375
86 0.3515625 0.621875 0.0984375 0.109375
86 0.4796875 0.590625 0.075 0.096875
86 0.49375 0.45625 0.025 0.015625
86 0.5484375 0.4625 0.0234375 0.0078125
86 0.5828125 0.459375 0.0265625 0.0125
86 0.6515625 0.6265625 0.0984375 0.11875
86 0.625 0.4546875 0.0203125 0.009375
86 0.696875 0.453125 0.0171875 0.009375
86 0.7171875 0.471875 0.028125 0.0125
86 0.7375 0.4546875 0.025 0.009375
86 0.76875 0.4765625 0.0296875 0.015625
86 0.8359375 0.6765625 0.14375 0.16875
86 0.8171875 0.465625 0.034375 0.0109375
86 0.8203125 0.4875 0.0390625 0.015625
86 0.828125 0.5125 0.0484375 0.021875
86 0.86875 0.46875 0.0328125 0.009375
86 0.8703125 0.4578125 0.028125 0.015625
86 0.8828125 0.4765625 0.0375 0.0125
86 0.9 0.4953125 0.046875 0.0171875
86 0.91875 0.5375 0.0578125 0.05625
86 0.9203125 0.4609375 0.034375 0.0125
86 0.93125 0.4703125 0.034375 0.0140625
86 0.9546875 0.4828125 0.040625 0.015625
86 0.9765625 0.496875 0.04375 0.0125
86 0.9734375 0.4609375 0.0296875 0.0140625
86 0.9859375 0.46875 0.0265625 0.0109375
