86 0.2703125 0.66875 0.1953125 0.2
86 0.3265625 0.528125 0.0171875 0.0625
86 0.4421875 0.5984375 0.0796875 0.103125
86 0.5609375 0.740625 0.2625 0.2296875
86 0.5609375 0.6234375 0.2078125 0.128125
86 0.490625 0.53125 0.05625 0.01875
86 0.5265625 0.525 0.046875 0.0265625
86 0.546875 0.5078125 0.04375 0.0140625
86 0.5890625 0.5734375 0.08125 0.0375
86 0.5953125 0.5375 0.06875 0.0203125
86 0.615625 0.5265625 0.05 0.0234375
86 0.625 0.5046875 0.040625 0.0078125
86 0.640625 0.4984375 0.0296875 0.0265625
