86 0.746875 0.6078125 0.134375 0.1625
86 0.0125 0.6625 0.025 0.146875
86 0.028125 0.5984375 0.0546875 0.0921875
86 0.0359375 0.7359375 0.071875 0.209375
86 0.0890625 0.4921875 0.1765625 0.125
86 0.0828125 0.6484375 0.075 0.1453125
86 0.1640625 0.7125 0.1890625 0.1796875
86 0.2515625 0.4421875 0.1515625 0.0390625
86 0.3265625 0.5078125 0.15 0.103125
86 0.2875 0.5328125 0.0375 0.046875
86 0.365625 0.4421875 0.14375 0.04375
86 0.3171875 0.5328125 0.0296875 0.059375
86 0.3609375 0.64375 0.065625 0.0375
86 0.3859375 0.4609375 0.0203125 0.0296875
86 0.4109375 0.475 0.0375 0.0421875
86 0.5140625 0.703125 0.0609375 0.1625
86 0.80625 0.465625 0.384375 0.075
86 0.6515625 0.58125 0.053125 0.1453125
86 0.6578125 0.49375 0.034375 0.03125
86 0.653125 0.4703125 0.021875 0.0140625
86 0.690625 0.571875 0.053125 0.1390625
86 0.6859375 0.471875 0.040625 0.0375
86 0.721875 0.48125 0.0484375 0.0671875
86 0.740625 0.4875 0.0328125 0.0359375
86 0.8140625 0.5296875 0.0546875 0.065625
86 0.8890625 0.5703125 0.09375 0.1359375
86 0.9546875 0.5296875 0.0703125 0.096875
86 0.9859375 0.4984375 0.028125 0.0453125
