88 0.053125 0.409375 0.10625 0.115625
88 0.0546875 0.2796875 0.109375 0.1078125
88 0.065625 0.6609375 0.1296875 0.0875
88 0.06875 0.559375 0.1359375 0.1328125
88 0.084375 0.8546875 0.1125 0.0328125
88 0.2015625 0.5578125 0.11875 0.13125
88 0.203125 0.4046875 0.11875 0.1015625
88 0.2 0.2859375 0.1109375 0.1171875
88 0.2078125 0.659375 0.0890625 0.109375
88 0.221875 0.7859375 0.115625 0.11875
88 0.34375 0.5328125 0.1046875 0.109375
88 0.35625 0.653125 0.1125 0.1265625
88 0.353125 0.403125 0.103125 0.0921875
88 0.3453125 0.7640625 0.084375 0.1140625
88 0.3515625 0.3015625 0.090625 0.1046875
88 0.459375 0.528125 0.0859375 0.1046875
88 0.4671875 0.76875 0.0984375 0.0328125
88 0.4703125 0.4015625 0.1 0.1
88 0.4671875 0.6140625 0.090625 0.0640625
88 0.4703125 0.3125 0.0859375 0.09375
88 0.590625 0.690625 0.06875 0.11875
88 0.5953125 0.3921875 0.0671875 0.084375
88 0.5953125 0.5921875 0.0625 0.0921875
88 0.596875 0.4953125 0.05 0.078125
88 0.6015625 0.3109375 0.0609375 0.0640625
88 0.6703125 0.7 0.0796875 0.096875
88 0.671875 0.596875 0.08125 0.1046875
88 0.6765625 0.4 0.06875 0.0890625
88 0.6828125 0.5078125 0.071875 0.0765625
88 0.68125 0.3078125 0.0671875 0.0796875
88 0.7765625 0.63125 0.0859375 0.1171875
88 0.7828125 0.296875 0.0921875 0.0984375
88 0.784375 0.4046875 0.090625 0.0953125
88 0.7859375 0.534375 0.0859375 0.1328125
88 0.8890625 0.5546875 0.090625 0.1328125
88 0.8890625 0.6640625 0.0890625 0.1390625
88 0.9078125 0.3 0.125 0.125
88 0.9015625 0.4125 0.1 0.0984375
