86 0.7203125 0.746875 0.196875 0.23125
86 0.025 0.596875 0.0484375 0.0578125
86 0.1125 0.6890625 0.115625 0.0671875
86 0.075 0.6046875 0.0328125 0.0515625
86 0.096875 0.6265625 0.071875 0.059375
86 0.1296875 0.603125 0.065625 0.075
86 0.171875 0.678125 0.0671875 0.0875
86 0.2125 0.646875 0.103125 0.140625
86 0.228125 0.575 0.0515625 0.028125
86 0.3078125 0.659375 0.10625 0.140625
86 0.359375 0.7765625 0.1765625 0.19375
86 0.3609375 0.709375 0.146875 0.190625
86 0.3640625 0.825 0.1375 0.0984375
86 0.3390625 0.6078125 0.0453125 0.0640625
86 0.378125 0.584375 0.040625 0.05
86 0.409375 0.596875 0.059375 0.0234375
86 0.56875 0.6953125 0.134375 0.18125
86 0.5671875 0.6578125 0.0734375 0.1484375
86 0.784375 0.6984375 0.0953125 0.1734375
86 0.875 0.778125 0.16875 0.1890625
86 0.9828125 0.646875 0.03125 0.0484375
