86 0.4109375 0.60625 0.06875 0.1234375
86 0.425 0.5359375 0.05 0.021875
86 0.45625 0.640625 0.1 0.1484375
86 0.4421875 0.51875 0.03125 0.0109375
86 0.471875 0.590625 0.0625 0.109375
86 0.5203125 0.6875 0.1296875 0.175
86 0.4734375 0.515625 0.0296875 0.015625
86 0.521875 0.6078125 0.0828125 0.1046875
86 0.503125 0.5125 0.0109375 0.0140625
86 0.528125 0.55625 0.040625 0.053125
86 0.565625 0.546875 0.040625 0.04375
86 0.571875 0.5171875 0.0265625 0.015625
86 0.578125 0.6453125 0.0328125 0.065625
86 0.5921875 0.5828125 0.0453125 0.06875
86 0.603125 0.534375 0.034375 0.0359375
86 0.9296875 0.459375 0.1375 0.046875
86 0.9359375 0.7859375 0.128125 0.0890625
86 0.9171875 0.6453125 0.059375 0.146875
86 0.94375 0.79375 0.1109375 0.071875
86 0.953125 0.615625 0.059375 0.125
86 0.9640625 0.6078125 0.0421875 0.13125
86 0.9734375 0.7453125 0.05 0.059375
86 0.98125 0.6046875 0.0375 0.1328125
86 0.990625 0.55625 0.0171875 0.05625
