88 0.0640625 0.5078125 0.04375 0.0734375
88 0.0875 0.590625 0.0875 0.08125
88 0.1140625 0.503125 0.0546875 0.065625
88 0.175 0.528125 0.075 0.0375
88 0.1796875 0.4890625 0.0625 0.053125
88 0.1921875 0.575 0.0453125 0.05
88 0.2375 0.565625 0.05 0.0453125
88 0.240625 0.5015625 0.0515625 0.090625
88 0.3453125 0.384375 0.00625 0.0359375
88 0.3609375 0.4203125 0.0203125 0.0359375
88 0.3671875 0.3890625 0.0328125 0.0359375
88 0.3671875 0.45625 0.028125 0.028125
88 0.3890625 0.4515625 0.0234375 0.0265625
88 0.3875 0.478125 0.015625 0.0265625
88 0.3921875 0.41875 0.021875 0.0265625
88 0.40625 0.471875 0.0203125 0.01875
88 0.40625 0.446875 0.0171875 0.0203125
88 0.4234375 0.4453125 0.0109375 0.01875
88 0.4265625 0.41875 0.015625 0.0203125
88 0.70625 0.4515625 0.01875 0.025
88 0.7078125 0.478125 0.01875 0.0203125
88 0.7109375 0.428125 0.0234375 0.0265625
88 0.778125 0.584375 0.078125 0.284375
88 0.83125 0.678125 0.0328125 0.1015625
88 0.8375 0.5921875 0.0421875 0.0953125
88 0.840625 0.50625 0.0375 0.0890625
88 0.8765625 0.73125 0.06875 0.1078125
88 0.8859375 0.6578125 0.0625 0.1453125
88 0.8953125 0.5421875 0.075 0.1390625
88 0.909375 0.4203125 0.0703125 0.10625
