85 0.0328125 0.3203125 0.0640625 0.1921875
85 0.040625 0.790625 0.078125 0.1671875
85 0.0859375 0.334375 0.046875 0.1578125
85 0.103125 0.7625 0.075 0.215625
85 0.128125 0.3515625 0.0328125 0.1375
85 0.159375 0.6984375 0.05625 0.1609375
85 0.1578125 0.3609375 0.0265625 0.115625
85 0.2015625 0.6546875 0.0328125 0.1328125
85 0.2375 0.3703125 0.0921875 0.109375
85 0.275 0.6140625 0.0921875 0.13125
85 0.33125 0.3734375 0.084375 0.1078125
85 0.365625 0.6109375 0.0890625 0.128125
85 0.4203125 0.375 0.08125 0.0984375
85 0.45625 0.609375 0.08125 0.121875
85 0.503125 0.3796875 0.0703125 0.096875
85 0.5546875 0.3765625 0.0125 0.1
85 0.5703125 0.371875 0.021875 0.115625
85 0.59375 0.3671875 0.0234375 0.1234375
