88 0.440625 0.315625 0.846875 0.2953125
88 0.4390625 0.6546875 0.825 0.35625
88 0.51875 0.7265625 0.6953125 0.2125
88 0.6484375 0.24375 0.4125 0.1515625
88 0.7828125 0.7890625 0.146875 0.0890625
88 0.840625 0.1765625 0.05625 0.01875
88 0.9375 0.2359375 0.125 0.1375
88 0.9375 0.7359375 0.121875 0.159375
88 0.9375 0.628125 0.11875 0.1328125
88 0.940625 0.3125 0.1171875 0.1390625
88 0.9421875 0.5296875 0.1140625 0.0953125
88 0.94375 0.4171875 0.1109375 0.10625
88 0.9453125 0.7765625 0.109375 0.1125
