86 0.8859375 0.7453125 0.1703125 0.1546875
86 0.0921875 0.609375 0.053125 0.1125
86 0.1265625 0.65 0.096875 0.1375
86 0.128125 0.578125 0.028125 0.028125
86 0.19375 0.65 0.0515625 0.134375
86 0.246875 0.7234375 0.121875 0.21875
86 0.29375 0.7390625 0.165625 0.184375
86 0.3421875 0.7515625 0.2 0.1625
86 0.4890625 0.6140625 0.053125 0.034375
86 0.55 0.7203125 0.165625 0.203125
86 0.5265625 0.5546875 0.0484375 0.01875
86 0.5328125 0.6125 0.0359375 0.046875
86 0.6578125 0.73125 0.153125 0.203125
86 0.721875 0.746875 0.159375 0.171875
86 0.6984375 0.5828125 0.0265625 0.028125
