88 0.1703125 0.134375 0.090625 0.2453125
88 0.171875 0.2796875 0.09375 0.334375
88 0.1765625 0.5125 0.1015625 0.2640625
88 0.1859375 0.0578125 0.065625 0.1140625
88 0.209375 0.403125 0.0828125 0.1765625
88 0.234375 0.3140625 0.053125 0.121875
88 0.240625 0.5921875 0.0484375 0.1265625
88 0.253125 0.2109375 0.0625 0.1375
88 0.2484375 0.103125 0.0484375 0.1515625
88 0.2609375 0.5453125 0.0390625 0.10625
88 0.259375 0.4828125 0.028125 0.075
88 0.2625 0.40625 0.0234375 0.1203125
88 0.2671875 0.3390625 0.025 0.0984375
88 0.35625 0.634375 0.2046875 0.0625
88 0.28125 0.253125 0.0390625 0.1234375
88 0.365625 0.5703125 0.209375 0.0515625
88 0.3734375 0.509375 0.225 0.0640625
88 0.3796875 0.38125 0.2296875 0.0453125
88 0.359375 0.309375 0.1828125 0.06875
88 0.3671875 0.4484375 0.1765625 0.0546875
88 0.4953125 0.359375 0.059375 0.1078125
88 0.6953125 0.465625 0.0625 0.0640625
88 0.6984375 0.528125 0.059375 0.0546875
88 0.7 0.6125 0.040625 0.1015625
88 0.7609375 0.59375 0.1453125 0.1796875
88 0.7625 0.45625 0.13125 0.184375
88 0.7859375 0.3375 0.1078125 0.15
