86 0.8640625 0.659375 0.20625 0.2828125
86 0.0109375 0.5140625 0.0203125 0.0796875
86 0.0890625 0.546875 0.0890625 0.134375
86 0.1671875 0.459375 0.05625 0.0484375
86 0.3046875 0.4578125 0.0671875 0.0296875
86 0.453125 0.70625 0.1828125 0.253125
86 0.4375 0.46875 0.0421875 0.0421875
86 0.49375 0.55 0.0984375 0.1125
86 0.5421875 0.4875 0.0515625 0.10625
86 0.63125 0.54375 0.1078125 0.13125
86 0.621875 0.48125 0.075 0.06875
86 0.71875 0.5203125 0.059375 0.1125
86 0.7078125 0.4515625 0.0359375 0.0234375
86 0.759375 0.5859375 0.0640625 0.15625
86 0.95 0.4890625 0.075 0.0375
