86 0.2796875 0.7515625 0.1359375 0.159375
86 0.01875 0.628125 0.0375 0.0609375
86 0.0328125 0.79375 0.065625 0.078125
86 0.0390625 0.7234375 0.078125 0.1375
86 0.0484375 0.6796875 0.096875 0.128125
86 0.0796875 0.61875 0.0625 0.065625
86 0.1390625 0.7671875 0.1765625 0.1328125
86 0.128125 0.709375 0.1203125 0.1515625
86 0.1359375 0.6625 0.0953125 0.11875
86 0.228125 0.678125 0.0859375 0.10625
86 0.35625 0.7421875 0.134375 0.1828125
86 0.5 0.7765625 0.184375 0.1125
86 0.565625 0.759375 0.1578125 0.1484375
