80 0.159375 0.3796875 0.31875 0.1046875
80 0.1703125 0.60625 0.3203125 0.2171875
80 0.3296875 0.5328125 0.2875 0.0796875
80 0.396875 0.384375 0.1265625 0.075
80 0.521875 0.50625 0.2765625 0.0828125
80 0.5359375 0.4015625 0.178125 0.0640625
80 0.8109375 0.3828125 0.375 0.0921875
80 0.85 0.50625 0.253125 0.059375
80 0.9 0.603125 0.2 0.15
80 0.159375 0.3796875 0.31875 0.1046875
80 0.1703125 0.60625 0.3203125 0.2171875
80 0.3296875 0.5328125 0.2875 0.0796875
80 0.396875 0.384375 0.1265625 0.075
80 0.521875 0.50625 0.2765625 0.0828125
80 0.5359375 0.4015625 0.178125 0.0640625
80 0.8109375 0.3828125 0.375 0.0921875
80 0.85 0.50625 0.253125 0.059375
80 0.9 0.603125 0.2 0.15
