85 0.296875 0.3453125 0.1859375 0.16875
85 0.2859375 0.68125 0.159375 0.059375
85 0.284375 0.575 0.15 0.103125
85 0.2875 0.5 0.15625 0.0578125
85 0.284375 0.4515625 0.1375 0.0203125
85 0.4015625 0.403125 0.08125 0.1765625
85 0.38125 0.6453125 0.03125 0.14375
85 0.43125 0.6453125 0.0671875 0.146875
85 0.4765625 0.3984375 0.0796875 0.1828125
85 0.4796875 0.7296875 0.046875 0.096875
85 0.48125 0.66875 0.046875 0.103125
85 0.4890625 0.61875 0.0390625 0.05
85 0.540625 0.7546875 0.1 0.1890625
85 0.5109375 0.5015625 0.021875 0.1296875
85 0.6265625 0.8796875 0.103125 0.1890625
85 0.634375 0.7828125 0.1015625 0.1640625
85 0.6375 0.7109375 0.096875 0.1015625
85 0.69375 0.53125 0.059375 0.2140625
85 0.765625 0.8796875 0.15 0.234375
85 0.7734375 0.7796875 0.1390625 0.140625
