88 0.0265625 0.303125 0.0390625 0.0515625
88 0.05 0.38125 0.0828125 0.065625
88 0.053125 0.2640625 0.046875 0.0578125
88 0.06875 0.3125 0.046875 0.05
88 0.0703125 0.35 0.0453125 0.0359375
88 0.0765625 0.3875 0.0484375 0.04375
88 0.1921875 0.3 0.009375 0.034375
88 0.19375 0.3265625 0.0078125 0.025
88 0.2765625 0.3296875 0.040625 0.034375
88 0.275 0.3046875 0.034375 0.034375
88 0.284375 0.3609375 0.021875 0.0328125
88 0.3734375 0.365625 0.078125 0.03125
88 0.3765625 0.33125 0.075 0.034375
88 0.4015625 0.396875 0.0171875 0.0375
88 0.409375 0.425 0.03125 0.0265625
88 0.4390625 0.4078125 0.0296875 0.0203125
88 0.440625 0.3453125 0.0328125 0.025
88 0.4359375 0.3859375 0.01875 0.021875
88 0.4390625 0.3671875 0.0234375 0.0203125
88 0.440625 0.446875 0.0203125 0.0625
88 0.4765625 0.371875 0.0546875 0.0234375
88 0.4765625 0.3859375 0.0515625 0.025
88 0.478125 0.4078125 0.05625 0.0203125
88 0.496875 0.45 0.09375 0.0640625
88 0.4765625 0.346875 0.0484375 0.025
88 0.528125 0.371875 0.05 0.0234375
88 0.53125 0.3484375 0.059375 0.0203125
88 0.525 0.4109375 0.0421875 0.015625
88 0.53125 0.390625 0.05 0.0234375
88 0.565625 0.446875 0.03125 0.05625
88 0.571875 0.371875 0.034375 0.0234375
88 0.56875 0.409375 0.025 0.0265625
88 0.5703125 0.3484375 0.0234375 0.0171875
88 0.571875 0.39375 0.025 0.0265625
88 0.83125 0.6203125 0.334375 0.2375
88 0.8421875 0.51875 0.315625 0.171875
88 0.8453125 0.284375 0.30625 0.1640625
88 0.8453125 0.378125 0.303125 0.0890625
88 0.846875 0.3328125 0.3046875 0.1296875
88 0.8484375 0.4359375 0.3015625 0.0640625
88 0.85 0.2296875 0.2984375 0.2078125
