86 0.8140625 0.6140625 0.1234375 0.16875
86 0.04375 0.55625 0.0859375 0.1
86 0.0875 0.7984375 0.1390625 0.0703125
86 0.1125 0.628125 0.103125 0.1375
86 0.1890625 0.6421875 0.1 0.1078125
86 0.259375 0.503125 0.075 0.0546875
86 0.3796875 0.63125 0.109375 0.0671875
86 0.35 0.5296875 0.040625 0.015625
86 0.5453125 0.5984375 0.1171875 0.153125
86 0.6125 0.5109375 0.0546875 0.1125
86 0.865625 0.759375 0.171875 0.1484375
86 0.8640625 0.5140625 0.0859375 0.134375
86 0.95 0.553125 0.0984375 0.10625
