86 0.19375 0.678125 0.096875 0.15625
86 0.0671875 0.70625 0.1328125 0.1765625
86 0.109375 0.5484375 0.05 0.05
86 0.24375 0.5375 0.0515625 0.034375
86 0.3546875 0.6046875 0.075 0.15625
86 0.371875 0.6984375 0.0421875 0.16875
86 0.4 0.525 0.078125 0.1125
86 0.48125 0.75625 0.18125 0.1546875
86 0.4109375 0.4765625 0.015625 0.0328125
86 0.4375 0.4765625 0.021875 0.025
86 0.515625 0.528125 0.03125 0.078125
86 0.5625 0.528125 0.0484375 0.08125
86 0.584375 0.46875 0.021875 0.0453125
86 0.5921875 0.5 0.0171875 0.0453125
86 0.6625 0.7796875 0.1421875 0.1078125
86 0.6234375 0.478125 0.028125 0.0484375
86 0.6515625 0.540625 0.0671875 0.078125
86 0.64375 0.4984375 0.034375 0.065625
86 0.6703125 0.521875 0.0265625 0.0640625
86 0.684375 0.4578125 0.021875 0.025
86 0.69375 0.4890625 0.0296875 0.0484375
86 0.7109375 0.4484375 0.0140625 0.0171875
86 0.7296875 0.4421875 0.0109375 0.0171875
86 0.75625 0.4875 0.0359375 0.0265625
86 0.840625 0.75625 0.1984375 0.153125
86 0.7578125 0.453125 0.009375 0.0125
86 0.7734375 0.4625 0.015625 0.021875
86 0.79375 0.440625 0.0140625 0.028125
86 0.8109375 0.4734375 0.0265625 0.015625
86 0.8640625 0.4421875 0.01875 0.0125
86 0.871875 0.475 0.0265625 0.040625
86 0.9078125 0.440625 0.03125 0.0265625
86 0.9140625 0.475 0.0328125 0.059375
86 0.9515625 0.5703125 0.04375 0.1171875
