88 0.3765625 0.35 0.109375 0.040625
88 0.3796875 0.2875 0.109375 0.034375
88 0.403125 0.2671875 0.1515625 0.040625
88 0.3875 0.3171875 0.1109375 0.028125
88 0.5390625 0.4015625 0.096875 0.0484375
88 0.5796875 0.334375 0.175 0.0421875
88 0.528125 0.375 0.06875 0.0359375
88 0.578125 0.303125 0.1578125 0.040625
88 0.5875 0.259375 0.171875 0.0328125
88 0.60625 0.371875 0.090625 0.04375
88 0.61875 0.403125 0.0734375 0.034375
88 0.725 0.2984375 0.1421875 0.034375
88 0.7140625 0.328125 0.0953125 0.03125
88 0.6953125 0.3546875 0.0546875 0.034375
88 0.6953125 0.396875 0.05 0.0375
88 0.8140625 0.296875 0.05 0.0296875
88 0.8265625 0.3203125 0.0515625 0.0171875
88 0.9546875 0.315625 0.0875 0.0453125
88 0.953125 0.253125 0.08125 0.0390625
88 0.95625 0.2875 0.08125 0.0296875
