88 0.0703125 0.740625 0.140625 0.2671875
88 0.0484375 0.25625 0.090625 0.21875
88 0.121875 0.26875 0.0875 0.1953125
88 0.190625 0.7109375 0.115625 0.21875
88 0.221875 0.278125 0.10625 0.19375
88 0.29375 0.6875 0.090625 0.2015625
88 0.303125 0.2984375 0.0640625 0.171875
88 0.3734375 0.6703125 0.090625 0.1796875
88 0.3734375 0.2984375 0.0765625 0.1734375
88 0.4359375 0.3140625 0.065625 0.1609375
88 0.4484375 0.6546875 0.078125 0.1703125
88 0.5 0.640625 0.0703125 0.1578125
88 0.5203125 0.31875 0.1015625 0.1609375
88 0.9046875 0.60625 0.178125 0.3796875
88 0.9078125 0.8234375 0.178125 0.1
88 0.8796875 0.2828125 0.0890625 0.2578125
88 0.9609375 0.2765625 0.0609375 0.2609375
