88 0.240625 0.3765625 0.4265625 0.1125
88 0.240625 0.46875 0.39375 0.115625
88 0.253125 0.528125 0.4125 0.0828125
88 0.253125 0.6390625 0.4015625 0.13125
88 0.3171875 0.7578125 0.2578125 0.2046875
88 0.4953125 0.3765625 0.1125 0.0671875
88 0.5015625 0.5125 0.125 0.06875
88 0.5078125 0.5890625 0.1046875 0.0609375
88 0.509375 0.4453125 0.1046875 0.071875
88 0.5875 0.5796875 0.1 0.06875
88 0.5859375 0.384375 0.0796875 0.0578125
88 0.5875 0.5109375 0.0765625 0.0640625
88 0.5984375 0.4546875 0.0828125 0.065625
88 0.6578125 0.4296875 0.0640625 0.0453125
88 0.665625 0.5609375 0.0625 0.0515625
88 0.65625 0.49375 0.0375 0.0484375
88 0.6671875 0.384375 0.05 0.0359375
88 0.7359375 0.4953125 0.0921875 0.053125
88 0.7640625 0.4375 0.13125 0.0609375
88 0.7453125 0.38125 0.0921875 0.0640625
88 0.7484375 0.540625 0.0953125 0.065625
88 0.8609375 0.496875 0.1359375 0.06875
88 0.8671875 0.3734375 0.128125 0.0546875
88 0.865625 0.4296875 0.1171875 0.0578125
88 0.8703125 0.625 0.1265625 0.071875
88 0.875 0.553125 0.1140625 0.0671875
88 0.959375 0.63125 0.0765625 0.0890625
88 0.9625 0.3671875 0.071875 0.053125
88 0.9625 0.43125 0.071875 0.071875
88 0.965625 0.4859375 0.06875 0.075
88 0.965625 0.5578125 0.06875 0.0625
