84 0.0953125 0.396875 0.190625 0.1953125
84 0.2046875 0.571875 0.4078125 0.5203125
84 0.5 0.5078125 0.9984375 0.6484375
84 0.2453125 0.28125 0.1859375 0.1828125
84 0.340625 0.1984375 0.259375 0.0453125
84 0.3671875 0.2578125 0.15625 0.1296875
84 0.496875 0.3109375 0.128125 0.234375
84 0.5875 0.2515625 0.2390625 0.1375
84 0.640625 0.3140625 0.071875 0.234375
84 0.7671875 0.246875 0.146875 0.128125
84 0.8015625 0.3328125 0.121875 0.24375
84 0.915625 0.253125 0.165625 0.134375
84 0.928125 0.3375 0.140625 0.26875
84 0.984375 0.2203125 0.0296875 0.04375
