85 0.440625 0.5078125 0.8328125 0.734375
85 0.1015625 0.296875 0.109375 0.225
85 0.1921875 0.3046875 0.090625 0.209375
85 0.3046875 0.29375 0.0984375 0.1578125
85 0.3265625 0.715625 0.103125 0.178125
85 0.328125 0.6 0.10625 0.0453125
85 0.39375 0.2984375 0.0921875 0.1515625
85 0.425 0.6640625 0.0890625 0.0890625
85 0.428125 0.590625 0.0875 0.0375
85 0.48125 0.328125 0.0921875 0.1859375
85 0.5671875 0.290625 0.0859375 0.0984375
85 0.6390625 0.3 0.0703125 0.1109375
85 0.6765625 0.6046875 0.109375 0.1109375
85 0.8546875 0.66875 0.284375 0.1625
85 0.815625 0.5828125 0.1734375 0.078125
