86 0.171875 0.6453125 0.11875 0.20625
86 0.0765625 0.5765625 0.0640625 0.1078125
86 0.2375 0.5375 0.046875 0.0625
86 0.296875 0.6546875 0.153125 0.1828125
86 0.34375 0.7640625 0.153125 0.134375
86 0.3125 0.534375 0.0328125 0.0359375
86 0.3875 0.603125 0.0859375 0.1484375
86 0.45 0.634375 0.11875 0.1265625
86 0.4359375 0.5125 0.0375 0.059375
86 0.565625 0.575 0.059375 0.1078125
86 0.6109375 0.5625 0.0765625 0.046875
86 0.91875 0.7609375 0.1203125 0.1421875
86 0.9609375 0.7703125 0.075 0.125
