85 0.1796875 0.29375 0.1578125 0.1578125
85 0.190625 0.7390625 0.165625 0.178125
85 0.2984375 0.6953125 0.09375 0.2015625
85 0.3796875 0.5953125 0.0859375 0.053125
85 0.3828125 0.6375 0.0796875 0.0703125
85 0.38125 0.696875 0.0734375 0.1234375
85 0.45 0.6390625 0.065625 0.1734375
85 0.509375 0.6125 0.053125 0.14375
85 0.5484375 0.5953125 0.0359375 0.128125
85 0.5828125 0.4375 0.04375 0.2
85 0.584375 0.5859375 0.0421875 0.1203125
85 0.6171875 0.578125 0.03125 0.10625
85 0.61875 0.4328125 0.0296875 0.1671875
