86 0.9015625 0.66875 0.171875 0.275
86 0.134375 0.703125 0.26875 0.25625
86 0.2125 0.7359375 0.340625 0.1921875
86 0.1296875 0.534375 0.0484375 0.0859375
86 0.3546875 0.490625 0.0265625 0.04375
86 0.403125 0.4859375 0.075 0.0359375
86 0.521875 0.7203125 0.246875 0.2234375
86 0.6125 0.6828125 0.1484375 0.290625
86 0.6296875 0.4484375 0.05 0.0359375
86 0.6765625 0.6265625 0.0921875 0.221875
86 0.7 0.4578125 0.0453125 0.034375
86 0.7734375 0.621875 0.178125 0.2140625
86 0.7640625 0.465625 0.071875 0.0375
86 0.8421875 0.475 0.0859375 0.046875
86 0.9015625 0.48125 0.0515625 0.0359375
