88 0.50625 0.465625 0.6671875 0.8046875
88 0.128125 0.8890625 0.0390625 0.0796875
88 0.13125 0.7203125 0.046875 0.075
88 0.1515625 0.7984375 0.0859375 0.08125
88 0.2 0.5953125 0.184375 0.0890625
88 0.2015625 0.65625 0.1875 0.0703125
88 0.215625 0.8796875 0.159375 0.08125
88 0.51875 0.44375 0.74375 0.0640625
88 0.2203125 0.7328125 0.1375 0.0625
88 0.23125 0.5171875 0.1390625 0.08125
88 0.23125 0.8046875 0.11875 0.090625
88 0.31875 0.3578125 0.1921875 0.0703125
88 0.428125 0.2828125 0.1734375 0.059375
88 0.3859375 0.2125 0.0515625 0.0640625
88 0.534375 0.1390625 0.3078125 0.0828125
88 0.471875 0.3609375 0.1453125 0.0609375
88 0.4875 0.2140625 0.140625 0.05625
88 0.540625 0.075 0.19375 0.1
88 0.5703125 0.2828125 0.1390625 0.0578125
88 0.60625 0.3640625 0.1359375 0.0484375
88 0.6234375 0.2109375 0.16875 0.084375
88 0.7234375 0.278125 0.178125 0.0734375
88 0.7359375 0.8859375 0.165625 0.0734375
88 0.775 0.5203125 0.23125 0.0859375
88 0.746875 0.5859375 0.1578125 0.0796875
88 0.7234375 0.66875 0.10625 0.084375
88 0.7203125 0.809375 0.09375 0.0828125
88 0.740625 0.734375 0.1375 0.0609375
88 0.75 0.3703125 0.1421875 0.0859375
88 0.728125 0.225 0.078125 0.0640625
88 0.825 0.809375 0.13125 0.090625
88 0.8328125 0.6640625 0.1140625 0.0828125
88 0.846875 0.5953125 0.0890625 0.0640625
88 0.846875 0.7390625 0.0890625 0.06875
88 0.846875 0.8828125 0.0875 0.0765625
88 0.8421875 0.3625 0.05 0.0796875
