89 0.1875 0.759375 0.25625 0.1421875
89 0.2765625 0.5984375 0.134375 0.0765625
89 0.3953125 0.55625 0.08125 0.0453125
89 0.459375 0.6328125 0.1265625 0.084375
89 0.496875 0.5171875 0.103125 0.040625
89 0.596875 0.6703125 0.1265625 0.1171875
89 0.5703125 0.571875 0.0625 0.0453125
89 0.603125 0.4859375 0.0734375 0.03125
89 0.6296875 0.5375 0.0625 0.0375
89 0.659375 0.6140625 0.075 0.0671875
89 0.6796875 0.515625 0.0359375 0.0328125
89 0.6984375 0.5703125 0.0546875 0.0375
89 0.7234375 0.5515625 0.040625 0.0328125
89 0.7140625 0.496875 0.01875 0.0203125
89 0.75625 0.5328125 0.021875 0.0265625
89 0.775 0.5140625 0.0328125 0.01875
89 0.8078125 0.709375 0.096875 0.14375
89 0.803125 0.4953125 0.034375 0.028125
89 0.8421875 0.625 0.0484375 0.0421875
89 0.8640625 0.5921875 0.0390625 0.04375
89 0.8734375 0.5640625 0.0421875 0.0296875
89 0.88125 0.5515625 0.0375 0.028125
89 0.890625 0.5265625 0.040625 0.0265625
89 0.9078125 0.4890625 0.0375 0.053125
89 0.9921875 0.6109375 0.0140625 0.0625
