88 0.334375 0.4515625 0.0421875 0.046875
88 0.36875 0.45625 0.021875 0.0375
88 0.3703125 0.4140625 0.0171875 0.0375
88 0.478125 0.46875 0.0359375 0.0421875
88 0.484375 0.3859375 0.0375 0.01875
88 0.4875 0.4203125 0.0390625 0.05
88 0.528125 0.421875 0.06875 0.0453125
88 0.5296875 0.4703125 0.053125 0.0515625
88 0.53125 0.3875 0.0390625 0.0171875
88 0.5671875 0.475 0.0375 0.059375
88 0.6046875 0.415625 0.0984375 0.040625
88 0.6171875 0.390625 0.1203125 0.0109375
88 0.6375 0.471875 0.0421875 0.065625
88 0.8046875 0.4875 0.021875 0.05
88 0.8390625 0.490625 0.0640625 0.0421875
88 0.85 0.4125 0.03125 0.0140625
88 0.8546875 0.44375 0.0359375 0.05
88 0.9015625 0.4109375 0.04375 0.0109375
