86 0.6453125 0.75625 0.2140625 0.2359375
86 0.0546875 0.7625 0.109375 0.225
86 0.08125 0.5265625 0.0703125 0.0296875
86 0.084375 0.5515625 0.071875 0.03125
86 0.08125 0.590625 0.059375 0.0453125
86 0.1609375 0.6875 0.125 0.1765625
86 0.175 0.5421875 0.1078125 0.009375
86 0.2203125 0.4828125 0.0453125 0.028125
86 0.3 0.5703125 0.1078125 0.021875
86 0.35625 0.5203125 0.040625 0.0203125
86 0.409375 0.5765625 0.1046875 0.0484375
86 0.41875 0.5171875 0.0765625 0.0171875
86 0.4546875 0.73125 0.1296875 0.2859375
86 0.475 0.5328125 0.053125 0.01875
86 0.5109375 0.571875 0.10625 0.05
86 0.496875 0.51875 0.0671875 0.0296875
86 0.5484375 0.6140625 0.065625 0.0578125
86 0.5484375 0.5375 0.0609375 0.040625
86 0.5578125 0.5171875 0.0421875 0.0265625
86 0.575 0.56875 0.03125 0.0328125
86 0.715625 0.6234375 0.0796875 0.09375
86 0.834375 0.75625 0.2515625 0.234375
86 0.75625 0.521875 0.053125 0.0453125
86 0.7984375 0.5953125 0.078125 0.0515625
86 0.821875 0.54375 0.0578125 0.059375
86 0.9453125 0.5609375 0.05625 0.0484375
