88 0.215625 0.415625 0.0875 0.1125
88 0.225 0.6421875 0.0859375 0.1375
88 0.2203125 0.75625 0.0734375 0.140625
88 0.221875 0.5140625 0.0734375 0.103125
88 0.2328125 0.8796875 0.046875 0.13125
88 0.2890625 0.7765625 0.071875 0.1125
88 0.275 0.4390625 0.0390625 0.0640625
88 0.2796875 0.51875 0.0390625 0.06875
88 0.2890625 0.5953125 0.0453125 0.0640625
88 0.2875 0.696875 0.025 0.109375
88 0.31875 0.734375 0.046875 0.0796875
88 0.315625 0.596875 0.0328125 0.0921875
88 0.31875 0.6765625 0.015625 0.0765625
88 0.615625 0.590625 0.06875 0.3515625
