86 0.3546875 0.7734375 0.209375 0.1890625
86 0.01875 0.6359375 0.0375 0.1125
86 0.0703125 0.6625 0.0984375 0.10625
86 0.159375 0.7765625 0.190625 0.1953125
86 0.1046875 0.5953125 0.0390625 0.0453125
86 0.1359375 0.66875 0.065625 0.0984375
86 0.2734375 0.6 0.0390625 0.034375
86 0.2875 0.671875 0.0671875 0.14375
86 0.55625 0.8046875 0.20625 0.1390625
86 0.5078125 0.6171875 0.046875 0.06875
86 0.515625 0.6796875 0.0421875 0.04375
86 0.6765625 0.6546875 0.071875 0.0875
86 0.6921875 0.675 0.090625 0.0828125
86 0.75625 0.7 0.0828125 0.0484375
86 0.7609375 0.6640625 0.0640625 0.0953125
86 0.8890625 0.8375 0.19375 0.0734375
86 0.8984375 0.665625 0.090625 0.0328125
