86 0.040625 0.3328125 0.0640625 0.0640625
86 0.1828125 0.21875 0.0359375 0.040625
86 0.2359375 0.3203125 0.125 0.14375
86 0.21875 0.3265625 0.0640625 0.109375
86 0.2140625 0.2203125 0.01875 0.034375
86 0.2609375 0.2203125 0.025 0.03125
86 0.2734375 0.221875 0.04375 0.0328125
86 0.3265625 0.221875 0.05 0.03125
86 0.3984375 0.2140625 0.040625 0.040625
86 0.440625 0.31875 0.115625 0.1734375
86 0.5078125 0.2140625 0.065625 0.034375
86 0.5453125 0.3359375 0.121875 0.1609375
86 0.61875 0.2125 0.065625 0.0390625
86 0.6359375 0.1921875 0.0484375 0.015625
86 0.81875 0.1984375 0.0640625 0.059375
86 0.915625 0.3171875 0.1671875 0.2015625
86 0.89375 0.2 0.0734375 0.0484375
86 0.9640625 0.1921875 0.06875 0.0546875
