88 0.346875 0.425 0.0234375 0.0484375
88 0.346875 0.4734375 0.0234375 0.04375
88 0.35 0.5078125 0.0109375 0.0109375
88 0.3671875 0.4765625 0.028125 0.04375
88 0.3703125 0.5078125 0.025 0.009375
88 0.3703125 0.428125 0.0234375 0.05
88 0.3921875 0.428125 0.0265625 0.053125
88 0.3859375 0.5109375 0.0078125 0.00625
88 0.3921875 0.478125 0.01875 0.0421875
88 0.4921875 0.7109375 0.2140625 0.49375
88 0.4171875 0.4328125 0.0328125 0.053125
88 0.4453125 0.4140625 0.028125 0.021875
88 0.4734375 0.4171875 0.028125 0.0234375
88 0.503125 0.415625 0.028125 0.025
88 0.5390625 0.4203125 0.034375 0.0265625
88 0.5734375 0.4421875 0.034375 0.0671875
