86 0.1359375 0.49375 0.134375 0.2
86 0.2296875 0.6921875 0.2796875 0.3046875
86 0.1828125 0.521875 0.153125 0.2203125
86 0.2171875 0.5484375 0.165625 0.23125
86 0.2578125 0.603125 0.1984375 0.2859375
86 0.2625 0.4375 0.1140625 0.203125
86 0.35 0.478125 0.14375 0.25
86 0.4046875 0.49375 0.146875 0.2625
86 0.4765625 0.53125 0.1859375 0.31875
86 0.565625 0.715625 0.3265625 0.3171875
86 0.6046875 0.6671875 0.290625 0.4140625
86 0.5671875 0.4296875 0.0640625 0.1078125
86 0.63125 0.503125 0.171875 0.284375
86 0.7609375 0.5296875 0.171875 0.3109375
86 0.884375 0.671875 0.23125 0.3546875
