86 0.225 0.64375 0.078125 0.1421875
86 0.240625 0.634375 0.071875 0.128125
86 0.2640625 0.628125 0.059375 0.1234375
86 0.321875 0.6640625 0.0765625 0.140625
86 0.303125 0.5734375 0.025 0.025
86 0.396875 0.6234375 0.0515625 0.121875
86 0.4734375 0.6515625 0.071875 0.1375
86 0.484375 0.615625 0.0640625 0.1234375
86 0.5578125 0.6265625 0.0625 0.1328125
86 0.5703125 0.6515625 0.071875 0.1296875
86 0.603125 0.6203125 0.0484375 0.1328125
86 0.640625 0.6578125 0.08125 0.128125
86 0.6515625 0.628125 0.0828125 0.121875
86 0.7171875 0.634375 0.0875 0.1234375
86 0.7203125 0.6484375 0.0828125 0.1390625
