86 0.1 0.653125 0.125 0.1765625
86 0.1828125 0.5296875 0.0328125 0.021875
86 0.2375 0.6609375 0.1171875 0.171875
86 0.1984375 0.5515625 0.034375 0.034375
86 0.2328125 0.5140625 0.025 0.01875
86 0.2921875 0.515625 0.040625 0.021875
86 0.2953125 0.5515625 0.0484375 0.03125
86 0.3296875 0.53125 0.040625 0.01875
86 0.3734375 0.6515625 0.090625 0.1671875
86 0.409375 0.553125 0.0453125 0.0359375
86 0.4109375 0.53125 0.03125 0.015625
86 0.43125 0.51875 0.0328125 0.01875
86 0.459375 0.54375 0.0453125 0.015625
86 0.4875 0.6546875 0.0859375 0.1625
86 0.5578125 0.55625 0.0421875 0.040625
86 0.603125 0.6609375 0.103125 0.171875
86 0.5703125 0.509375 0.034375 0.0125
86 0.5828125 0.5234375 0.0359375 0.025
86 0.646875 0.5578125 0.053125 0.0328125
86 0.7171875 0.65625 0.1171875 0.1578125
86 0.753125 0.559375 0.03125 0.0328125
86 0.83125 0.65625 0.1078125 0.1671875
86 0.80625 0.5171875 0.03125 0.0125
86 0.8578125 0.525 0.0234375 0.01875
86 0.921875 0.553125 0.0484375 0.05625
