86 0.840625 0.5890625 0.071875 0.10625
86 0.0171875 0.559375 0.034375 0.0765625
86 0.0390625 0.621875 0.078125 0.1375
86 0.0171875 0.525 0.021875 0.0515625
86 0.0421875 0.5671875 0.0296875 0.059375
86 0.06875 0.5640625 0.0328125 0.0765625
86 0.0875 0.5078125 0.03125 0.0203125
86 0.1203125 0.628125 0.09375 0.14375
86 0.1234375 0.5765625 0.06875 0.084375
86 0.1125 0.5234375 0.0234375 0.0140625
86 0.171875 0.534375 0.0328125 0.0421875
86 0.2140625 0.5875 0.059375 0.1171875
86 0.2625 0.540625 0.1046875 0.0921875
86 0.2703125 0.6234375 0.078125 0.128125
86 0.2796875 0.5875 0.0578125 0.096875
86 0.29375 0.6078125 0.0640625 0.1125
86 0.33125 0.5609375 0.0296875 0.078125
86 0.3265625 0.528125 0.01875 0.0390625
86 0.3640625 0.553125 0.0453125 0.0765625
86 0.3890625 0.515625 0.0265625 0.0265625
86 0.45625 0.5765625 0.053125 0.09375
86 0.45625 0.55 0.040625 0.06875
86 0.478125 0.5375 0.028125 0.0609375
86 0.525 0.571875 0.0515625 0.090625
86 0.5171875 0.5390625 0.0296875 0.05625
86 0.5640625 0.5453125 0.034375 0.059375
86 0.6 0.540625 0.040625 0.053125
86 0.6015625 0.525 0.0265625 0.0296875
86 0.6640625 0.5234375 0.021875 0.0140625
86 0.675 0.534375 0.0328125 0.015625
86 0.7140625 0.5484375 0.040625 0.034375
86 0.721875 0.5421875 0.0296875 0.0546875
86 0.765625 0.5578125 0.03125 0.06875
86 0.7734375 0.5828125 0.046875 0.096875
86 0.98125 0.5546875 0.034375 0.0734375
