86 0.5515625 0.7375 0.071875 0.1453125
86 0.475 0.6609375 0.0453125 0.0359375
86 0.49375 0.6984375 0.053125 0.0765625
86 0.4921875 0.6484375 0.0328125 0.0234375
86 0.5078125 0.6515625 0.0390625 0.0421875
86 0.5328125 0.6578125 0.025 0.05625
86 0.5578125 0.6640625 0.03125 0.0671875
86 0.5890625 0.665625 0.040625 0.0984375
86 0.615625 0.696875 0.053125 0.090625
86 0.653125 0.709375 0.06875 0.11875
86 0.6921875 0.728125 0.0609375 0.11875
86 0.7625 0.7875 0.096875 0.09375
86 0.91875 0.8203125 0.1078125 0.025
86 0.9484375 0.778125 0.1015625 0.1109375
