86 0.134375 0.753125 0.140625 0.115625
86 0.1671875 0.5234375 0.071875 0.0953125
86 0.2484375 0.534375 0.084375 0.103125
86 0.3015625 0.5171875 0.0203125 0.0578125
86 0.33125 0.534375 0.0265625 0.0765625
86 0.3578125 0.5421875 0.05625 0.0609375
86 0.5171875 0.540625 0.0984375 0.05
86 0.5171875 0.44375 0.0265625 0.009375
86 0.54375 0.4453125 0.0265625 0.0109375
86 0.5828125 0.5484375 0.0359375 0.028125
86 0.6328125 0.4640625 0.0140625 0.0328125
86 0.7078125 0.5921875 0.0390625 0.0703125
86 0.753125 0.5828125 0.06875 0.1015625
86 0.7609375 0.6109375 0.0703125 0.0984375
86 0.809375 0.565625 0.053125 0.0359375
