86 0.1078125 0.6046875 0.071875 0.10625
86 0.225 0.315625 0.0203125 0.0375
86 0.2375 0.4328125 0.0421875 0.09375
86 0.25 0.359375 0.015625 0.040625
86 0.3875 0.3859375 0.0375 0.059375
86 0.4578125 0.796875 0.1734375 0.1546875
86 0.38125 0.3328125 0.021875 0.0375
86 0.3953125 0.29375 0.0203125 0.0265625
86 0.46875 0.559375 0.15625 0.25625
86 0.503125 0.3140625 0.0265625 0.0375
86 0.6734375 0.6078125 0.175 0.2734375
86 0.609375 0.3296875 0.0296875 0.0375
86 0.6375 0.3859375 0.015625 0.059375
86 0.7109375 0.328125 0.01875 0.0203125
86 0.78125 0.428125 0.021875 0.1203125
