89 0.6890625 0.66875 0.375 0.2171875
89 0.0734375 0.61875 0.146875 0.1734375
89 0.046875 0.4703125 0.053125 0.021875
89 0.0859375 0.5078125 0.1265625 0.0453125
89 0.059375 0.45 0.03125 0.0125
89 0.434375 0.4734375 0.14375 0.028125
89 0.4859375 0.5171875 0.221875 0.059375
89 0.6109375 0.459375 0.09375 0.034375
89 0.65 0.421875 0.0453125 0.015625
89 0.7515625 0.5015625 0.184375 0.0796875
89 0.796875 0.4453125 0.0953125 0.028125
89 0.8859375 0.5296875 0.1171875 0.0796875
89 0.8796875 0.4546875 0.0546875 0.0171875
89 0.8984375 0.428125 0.034375 0.01875
