86 0.79375 0.69375 0.18125 0.178125
86 0.0234375 0.51875 0.046875 0.03125
86 0.0578125 0.65625 0.1109375 0.1796875
86 0.259375 0.5453125 0.03125 0.0703125
86 0.2609375 0.4890625 0.03125 0.0390625
86 0.275 0.596875 0.05 0.1484375
86 0.278125 0.4953125 0.01875 0.0484375
86 0.309375 0.5546875 0.025 0.1234375
86 0.3296875 0.565625 0.0359375 0.13125
86 0.3453125 0.665625 0.0609375 0.203125
86 0.334375 0.46875 0.028125 0.04375
86 0.35 0.5109375 0.0296875 0.0671875
86 0.45625 0.4546875 0.0234375 0.0125
86 0.49375 0.4796875 0.0390625 0.0203125
86 0.5078125 0.5390625 0.053125 0.04375
86 0.53125 0.528125 0.046875 0.0453125
86 0.5375 0.471875 0.021875 0.0375
86 0.603125 0.7046875 0.134375 0.1859375
86 0.6078125 0.4984375 0.034375 0.053125
86 0.65 0.5328125 0.0640625 0.0421875
86 0.646875 0.49375 0.04375 0.05
86 0.7359375 0.5140625 0.053125 0.0796875
86 0.7546875 0.4578125 0.034375 0.015625
86 0.759375 0.5265625 0.034375 0.0703125
86 0.8078125 0.565625 0.0609375 0.09375
86 0.81875 0.5046875 0.05 0.0515625
86 0.840625 0.4609375 0.028125 0.01875
86 0.875 0.728125 0.0796875 0.140625
86 0.8671875 0.5640625 0.0625 0.096875
86 0.8859375 0.4765625 0.0203125 0.040625
86 0.9109375 0.578125 0.046875 0.0734375
86 0.93125 0.4875 0.0375 0.028125
