88 0.2046875 0.4640625 0.159375 0.159375
88 0.2109375 0.8734375 0.171875 0.253125
88 0.2140625 0.7359375 0.171875 0.178125
88 0.2109375 0.61875 0.1625 0.1609375
88 0.3125 0.775 0.05625 0.1359375
88 0.353125 0.4640625 0.1359375 0.134375
88 0.3375 0.5765625 0.0890625 0.1265625
88 0.3328125 0.6625 0.0671875 0.14375
88 0.578125 0.453125 0.128125 0.096875
88 0.5890625 0.7375 0.09375 0.0859375
88 0.59375 0.55625 0.0984375 0.084375
88 0.5921875 0.64375 0.090625 0.0875
88 0.75 0.771875 0.246875 0.1328125
88 0.7515625 0.46875 0.2453125 0.1140625
88 0.7546875 0.659375 0.2390625 0.1125
88 0.7609375 0.575 0.2265625 0.078125
