86 0.2625 0.675 0.3140625 0.284375
86 0.0296875 0.5125 0.03125 0.071875
86 0.09375 0.665625 0.15 0.2296875
86 0.0421875 0.525 0.03125 0.08125
86 0.0875 0.565625 0.0875 0.1265625
86 0.390625 0.3921875 0.009375 0.003125
86 0.40625 0.39375 0.009375 0.0109375
86 0.4375 0.3921875 0.009375 0.0078125
86 0.4609375 0.3921875 0.009375 0.0078125
86 0.4734375 0.39375 0.009375 0.0140625
86 0.4921875 0.3921875 0.0171875 0.0109375
86 0.50625 0.3953125 0.015625 0.0109375
86 0.5265625 0.39375 0.0203125 0.015625
86 0.54375 0.3984375 0.021875 0.0078125
86 0.546875 0.39375 0.0203125 0.0171875
86 0.5671875 0.3953125 0.0171875 0.0171875
86 0.5859375 0.396875 0.021875 0.0203125
86 0.596875 0.4 0.0296875 0.0140625
86 0.6140625 0.396875 0.015625 0.0203125
86 0.7234375 0.6765625 0.20625 0.2734375
86 0.6359375 0.396875 0.025 0.015625
86 0.6453125 0.4015625 0.028125 0.0140625
86 0.6671875 0.3984375 0.021875 0.021875
86 0.6921875 0.4 0.0296875 0.025
86 0.7390625 0.4078125 0.0328125 0.0203125
86 0.834375 0.5796875 0.10625 0.2015625
86 0.8671875 0.5171875 0.0703125 0.1484375
86 0.93125 0.4921875 0.06875 0.134375
