83 0.2578125 0.5609375 0.1796875 0.1640625
83 0.04375 0.4328125 0.0875 0.0765625
83 0.2015625 0.4265625 0.084375 0.0703125
83 0.265625 0.3984375 0.0390625 0.0265625
83 0.496875 0.7140625 0.35 0.2609375
83 0.3671875 0.4296875 0.075 0.065625
83 0.409375 0.3921875 0.040625 0.0109375
83 0.54375 0.434375 0.0734375 0.0765625
83 0.58125 0.3921875 0.0484375 0.015625
83 0.75625 0.5609375 0.1859375 0.1765625
83 0.7265625 0.4234375 0.0859375 0.0609375
83 0.884375 0.4015625 0.040625 0.040625
83 0.9421875 0.4296875 0.059375 0.0640625
83 0.9890625 0.4796875 0.021875 0.0203125
