86 0.7171875 0.7703125 0.2265625 0.18125
86 0.0140625 0.796875 0.028125 0.0453125
86 0.0359375 0.6671875 0.071875 0.2296875
86 0.5 0.4203125 0.9984375 0.084375
86 0.2046875 0.7578125 0.20625 0.2328125
86 0.1703125 0.5328125 0.1 0.1453125
86 0.2234375 0.55625 0.096875 0.15625
86 0.25625 0.5890625 0.1140625 0.1609375
86 0.26875 0.5203125 0.0796875 0.1296875
86 0.3953125 0.834375 0.228125 0.078125
86 0.3890625 0.6859375 0.1765625 0.24375
86 0.4015625 0.5171875 0.0953125 0.1328125
86 0.428125 0.534375 0.0953125 0.1109375
86 0.590625 0.6796875 0.10625 0.265625
86 0.6734375 0.553125 0.08125 0.1546875
86 0.715625 0.525 0.08125 0.140625
86 0.7546875 0.584375 0.11875 0.15625
86 0.8046875 0.5453125 0.0828125 0.1484375
86 0.9515625 0.525 0.09375 0.125
86 0.965625 0.7078125 0.0671875 0.2609375
86 0.984375 0.5859375 0.0296875 0.071875
