86 0.0421875 0.56875 0.084375 0.1765625
86 0.109375 0.571875 0.1625 0.271875
86 0.1609375 0.61875 0.1984375 0.3375
86 0.2734375 0.65 0.278125 0.3671875
86 0.4953125 0.41875 0.0203125 0.059375
86 0.5078125 0.3875 0.021875 0.040625
86 0.5828125 0.4234375 0.0328125 0.053125
86 0.7015625 0.4796875 0.05 0.121875
86 0.7359375 0.403125 0.0296875 0.0484375
86 0.7421875 0.353125 0.0171875 0.0109375
86 0.85 0.565625 0.18125 0.1578125
86 0.7921875 0.365625 0.021875 0.028125
86 0.8546875 0.35625 0.0171875 0.0203125
86 0.9484375 0.4796875 0.1015625 0.1953125
