86 0.39375 0.5125 0.18125 0.1921875
86 0.10625 0.7296875 0.2125 0.3203125
86 0.0453125 0.44375 0.0703125 0.1109375
86 0.234375 0.4328125 0.0875 0.1015625
86 0.609375 0.8359375 0.46875 0.325
86 0.4875 0.490625 0.1171875 0.15625
86 0.471875 0.3296875 0.05 0.0390625
86 0.5125 0.521875 0.1125 0.08125
86 0.515625 0.38125 0.0546875 0.0625
86 0.525 0.3265625 0.0359375 0.05
86 0.615625 0.3421875 0.05625 0.0671875
86 0.65625 0.353125 0.053125 0.075
86 0.765625 0.4359375 0.090625 0.109375
86 0.815625 0.421875 0.06875 0.0984375
86 0.8734375 0.4421875 0.0875 0.046875
86 0.9328125 0.403125 0.0734375 0.078125
