86 0.146875 0.6890625 0.115625 0.13125
86 0.19375 0.790625 0.1765625 0.08125
86 0.1875 0.64375 0.0828125 0.08125
86 0.2390625 0.6046875 0.090625 0.0734375
86 0.2765625 0.4484375 0.075 0.125
86 0.315625 0.60625 0.05625 0.021875
86 0.3234375 0.50625 0.059375 0.075
86 0.35 0.6328125 0.0953125 0.1234375
86 0.36875 0.6171875 0.0703125 0.1125
86 0.378125 0.5859375 0.071875 0.1015625
86 0.3796875 0.5484375 0.06875 0.0921875
86 0.390625 0.5625 0.0578125 0.09375
86 0.403125 0.540625 0.046875 0.09375
86 0.4015625 0.51875 0.040625 0.05625
86 0.584375 0.48125 0.04375 0.0390625
86 0.6078125 0.4875 0.0421875 0.04375
