82 0.7359375 0.746875 0.3125 0.2421875
82 0.028125 0.64375 0.05625 0.025
82 0.10625 0.7625 0.2109375 0.2234375
82 0.5 0.6171875 0.9984375 0.1828125
82 0.05625 0.6203125 0.0875 0.015625
82 0.1421875 0.6984375 0.1609375 0.1453125
82 0.16875 0.6671875 0.11875 0.10625
82 0.50625 0.7203125 0.159375 0.2140625
82 0.6421875 0.665625 0.1203125 0.1203125
82 0.746875 0.6234375 0.090625 0.0515625
82 0.840625 0.6125 0.0859375 0.05
82 0.903125 0.74375 0.15 0.259375
82 0.921875 0.5984375 0.078125 0.0375
82 0.94375 0.8328125 0.109375 0.084375
82 0.9796875 0.59375 0.0390625 0.03125
82 0.9796875 0.7046875 0.0375 0.1984375
