86 0.0078125 0.540625 0.0140625 0.05
86 0.0359375 0.6609375 0.0703125 0.01875
86 0.0375 0.5625 0.05625 0.0859375
86 0.0703125 0.565625 0.021875 0.0890625
86 0.1109375 0.5953125 0.0875 0.1171875
86 0.2265625 0.6109375 0.078125 0.11875
86 0.2046875 0.5109375 0.0125 0.0171875
86 0.2671875 0.6125 0.0875 0.1140625
86 0.2921875 0.546875 0.03125 0.03125
86 0.340625 0.6171875 0.1046875 0.1046875
86 0.384375 0.5359375 0.04375 0.021875
86 0.3953125 0.5109375 0.0265625 0.034375
86 0.39375 0.4890625 0.0203125 0.009375
86 0.4 0.49375 0.0203125 0.0109375
86 0.446875 0.628125 0.0515625 0.0828125
86 0.4796875 0.58125 0.053125 0.040625
86 0.5125 0.5125 0.028125 0.021875
86 0.596875 0.5671875 0.0625 0.046875
86 0.5828125 0.496875 0.028125 0.0078125
86 0.584375 0.4875 0.0296875 0.0078125
86 0.6421875 0.546875 0.075 0.0734375
86 0.784375 0.65 0.0921875 0.040625
86 0.790625 0.5484375 0.0328125 0.05
86 0.7953125 0.5078125 0.021875 0.028125
86 0.9890625 0.6375 0.0203125 0.0640625
