86 0.4453125 0.553125 0.065625 0.0546875
86 0.54375 0.55625 0.0640625 0.0609375
86 0.59375 0.55625 0.03125 0.0375
86 0.6265625 0.5734375 0.0265625 0.071875
86 0.6546875 0.5953125 0.0515625 0.0609375
86 0.6640625 0.553125 0.04375 0.0578125
86 0.7296875 0.5953125 0.0765625 0.090625
86 0.7359375 0.553125 0.0484375 0.046875
86 0.7671875 0.58125 0.03125 0.078125
86 0.846875 0.5671875 0.040625 0.0703125
86 0.8578125 0.540625 0.0296875 0.03125
86 0.8984375 0.5796875 0.0609375 0.0875
86 0.959375 0.5671875 0.059375 0.071875
86 0.9875 0.5859375 0.0234375 0.021875
