86 0.0625 0.6375 0.0375 0.0421875
86 0.1109375 0.61875 0.028125 0.0484375
86 0.1984375 0.5890625 0.0265625 0.040625
86 0.21875 0.6640625 0.034375 0.059375
86 0.2328125 0.7484375 0.0390625 0.0703125
86 0.240625 0.6796875 0.0421875 0.0625
86 0.2875 0.7640625 0.05 0.084375
86 0.3 0.659375 0.0375 0.0515625
86 0.30625 0.725 0.0453125 0.078125
86 0.359375 0.6046875 0.0203125 0.0484375
86 0.375 0.6171875 0.0328125 0.05
86 0.4 0.821875 0.06875 0.0875
86 0.396875 0.603125 0.025 0.0453125
86 0.4484375 0.7859375 0.028125 0.078125
86 0.471875 0.83125 0.0625 0.0703125
86 0.509375 0.5484375 0.01875 0.034375
86 0.540625 0.5609375 0.0203125 0.0328125
86 0.5625 0.5828125 0.0203125 0.0453125
86 0.584375 0.5875 0.025 0.0390625
86 0.6234375 0.8515625 0.0546875 0.0296875
86 0.6203125 0.584375 0.021875 0.040625
86 0.6484375 0.559375 0.0203125 0.0375
86 0.6609375 0.7984375 0.0421875 0.0296875
86 0.6890625 0.553125 0.01875 0.025
86 0.7328125 0.8515625 0.05 0.0296875
86 0.746875 0.559375 0.0265625 0.028125
86 0.7546875 0.5921875 0.01875 0.0421875
86 0.7796875 0.828125 0.028125 0.078125
86 0.8546875 0.6703125 0.034375 0.071875
86 0.875 0.8015625 0.0640625 0.0921875
86 0.8640625 0.7328125 0.025 0.0265625
86 0.8859375 0.6953125 0.0515625 0.0546875
86 0.8890625 0.6296875 0.0265625 0.01875
86 0.89375 0.5953125 0.0125 0.0171875
86 0.9046875 0.6640625 0.0234375 0.05
86 0.940625 0.8015625 0.0484375 0.09375
86 0.9578125 0.73125 0.021875 0.025
