85 0.3359375 0.6375 0.284375 0.2875
85 0.09375 0.2875 0.134375 0.321875
85 0.13125 0.715625 0.1890625 0.3125
85 0.18125 0.2203125 0.1359375 0.1796875
85 0.2703125 0.2390625 0.125 0.1625
85 0.29375 0.3171875 0.115625 0.2359375
85 0.4109375 0.3265625 0.3421875 0.2140625
85 0.3734375 0.3203125 0.046875 0.228125
85 0.40625 0.3265625 0.0546875 0.203125
85 0.68125 0.7359375 0.515625 0.2734375
85 0.4609375 0.328125 0.075 0.2078125
85 0.515625 0.578125 0.178125 0.11875
85 0.5421875 0.3296875 0.10625 0.21875
85 0.6859375 0.5875 0.240625 0.109375
85 0.921875 0.3234375 0.1453125 0.259375
