88 0.034375 0.2328125 0.0671875 0.1484375
88 0.0359375 0.3796875 0.0703125 0.14375
88 0.046875 0.5296875 0.09375 0.1453125
88 0.05 0.6734375 0.1 0.1515625
88 0.0578125 0.8046875 0.115625 0.1375
88 0.10625 0.1515625 0.2125 0.053125
88 0.1390625 0.2390625 0.128125 0.140625
88 0.153125 0.3734375 0.1265625 0.1171875
88 0.1609375 0.5 0.1125 0.1234375
88 0.171875 0.621875 0.115625 0.140625
88 0.1828125 0.7515625 0.1375 0.1640625
88 0.265625 0.1625 0.115625 0.075
88 0.2875 0.2921875 0.1328125 0.0875
88 0.3125 0.73125 0.1484375 0.053125
88 0.2765625 0.221875 0.0609375 0.0671875
88 0.30625 0.675 0.10625 0.075
88 0.3109375 0.3859375 0.1171875 0.0921875
88 0.3140625 0.6015625 0.109375 0.096875
88 0.353125 0.215625 0.0640625 0.075
88 0.4046875 0.2875 0.1078125 0.08125
88 0.4234375 0.2109375 0.1390625 0.0609375
88 0.4078125 0.371875 0.09375 0.090625
88 0.425 0.6796875 0.1109375 0.06875
88 0.4203125 0.1625 0.0953125 0.0671875
88 0.471875 0.7296875 0.1609375 0.040625
88 0.578125 0.2015625 0.16875 0.065625
88 0.5921875 0.75 0.0875 0.0640625
88 0.58125 0.68125 0.0625 0.0625
88 0.6046875 0.6296875 0.0921875 0.053125
88 0.6015625 0.5859375 0.053125 0.04375
88 0.6625 0.6984375 0.128125 0.0625
88 0.690625 0.45 0.1578125 0.0859375
88 0.7 0.26875 0.1765625 0.103125
88 0.7046875 0.54375 0.18125 0.115625
88 0.6953125 0.365625 0.1546875 0.078125
88 0.69375 0.640625 0.134375 0.0734375
88 0.703125 0.7515625 0.1484375 0.0640625
88 0.709375 0.5859375 0.1421875 0.0578125
88 0.7546875 0.2046875 0.1921875 0.075
88 0.8546875 0.3578125 0.153125 0.1078125
88 0.8578125 0.6265625 0.15625 0.1015625
88 0.8515625 0.528125 0.125 0.084375
88 0.8703125 0.259375 0.1609375 0.0828125
88 0.865625 0.4421875 0.1375 0.0828125
88 0.9265625 0.184375 0.14375 0.075
88 0.940625 0.2328125 0.0375 0.1484375
88 0.94375 0.359375 0.0421875 0.1171875
88 0.9390625 0.534375 0.0296875 0.0484375
88 0.9515625 0.4671875 0.025 0.0734375
