88 0.0546875 0.5703125 0.109375 0.090625
88 0.115625 0.45625 0.2109375 0.0296875
88 0.0796875 0.6421875 0.065625 0.0921875
88 0.0984375 0.515625 0.0484375 0.034375
88 0.153125 0.525 0.0546875 0.03125
88 0.2703125 0.453125 0.021875 0.025
88 0.3390625 0.471875 0.0890625 0.0359375
88 0.36875 0.5046875 0.028125 0.028125
88 0.40625 0.50625 0.0421875 0.03125
88 0.4078125 0.478125 0.03125 0.040625
88 0.440625 0.503125 0.0296875 0.021875
88 0.44375 0.5328125 0.034375 0.03125
88 0.44375 0.48125 0.028125 0.021875
88 0.4453125 0.5578125 0.015625 0.0265625
88 0.496875 0.5546875 0.0828125 0.0265625
88 0.496875 0.571875 0.0828125 0.03125
88 0.4984375 0.503125 0.084375 0.0296875
88 0.4984375 0.5265625 0.08125 0.025
88 0.5765625 0.56875 0.0765625 0.04375
88 0.575 0.6015625 0.06875 0.0515625
88 0.5765625 0.5390625 0.06875 0.0359375
88 0.578125 0.5109375 0.071875 0.03125
88 0.615625 0.5046875 0.01875 0.0203125
88 0.6171875 0.5296875 0.01875 0.0234375
88 0.6203125 0.55 0.0109375 0.021875
88 0.6203125 0.5703125 0.009375 0.0296875
88 0.6359375 0.56875 0.0296875 0.03125
88 0.6390625 0.5015625 0.0359375 0.0234375
88 0.6390625 0.5453125 0.0265625 0.021875
88 0.640625 0.5234375 0.0203125 0.01875
88 0.6765625 0.465625 0.0328125 0.0203125
88 0.675 0.515625 0.015625 0.03125
88 0.6765625 0.5453125 0.015625 0.0234375
88 0.6765625 0.5640625 0.0109375 0.021875
88 0.7390625 0.5828125 0.103125 0.0484375
88 0.7390625 0.6234375 0.1 0.05
88 0.740625 0.5375 0.1015625 0.0515625
88 0.7421875 0.5015625 0.1015625 0.0359375
88 0.8296875 0.6296875 0.0796875 0.059375
88 0.83125 0.5859375 0.071875 0.046875
88 0.8359375 0.5390625 0.06875 0.0546875
88 0.8734375 0.5828125 0.015625 0.0421875
88 0.8796875 0.521875 0.01875 0.03125
88 0.8796875 0.5484375 0.01875 0.034375
88 0.8875 0.49375 0.034375 0.025
88 0.890625 0.51875 0.0296875 0.0234375
88 0.896875 0.5453125 0.015625 0.0359375
88 0.946875 0.4796875 0.025 0.021875
88 0.9796875 0.4984375 0.0140625 0.0234375
88 0.9828125 0.4796875 0.01875 0.01875
88 0.9921875 0.496875 0.0125 0.0234375
