86 0.1046875 0.7953125 0.2078125 0.15625
86 0.0703125 0.446875 0.0390625 0.0765625
86 0.20625 0.5703125 0.128125 0.1609375
86 0.2390625 0.446875 0.0671875 0.0671875
86 0.28125 0.6234375 0.1203125 0.171875
86 0.3078125 0.4375 0.0671875 0.109375
86 0.3265625 0.4390625 0.1015625 0.0859375
86 0.4046875 0.4546875 0.084375 0.09375
86 0.4140625 0.4078125 0.0625 0.046875
86 0.5609375 0.771875 0.253125 0.203125
86 0.5890625 0.6546875 0.190625 0.203125
86 0.5734375 0.44375 0.028125 0.0578125
86 0.7328125 0.709375 0.096875 0.134375
86 0.834375 0.3765625 0.0296875 0.05
86 0.921875 0.7203125 0.1515625 0.265625
