86 0.0109375 0.5703125 0.021875 0.021875
86 0.01875 0.609375 0.0375 0.0640625
86 0.025 0.6578125 0.05 0.0453125
86 0.0765625 0.85625 0.153125 0.034375
86 0.021875 0.5484375 0.03125 0.015625
86 0.159375 0.546875 0.0609375 0.021875
86 0.165625 0.584375 0.0453125 0.01875
86 0.20625 0.6234375 0.1171875 0.0578125
86 0.2265625 0.66875 0.096875 0.078125
86 0.3296875 0.85625 0.275 0.0375
86 0.2734375 0.7640625 0.0796875 0.18125
86 0.64375 0.8453125 0.2625 0.05625
86 0.575 0.7984375 0.034375 0.0609375
86 0.7625 0.5828125 0.0453125 0.0296875
86 0.8828125 0.8421875 0.2203125 0.0640625
86 0.859375 0.7640625 0.15625 0.115625
86 0.8140625 0.5796875 0.065625 0.0359375
86 0.834375 0.6515625 0.10625 0.11875
86 0.828125 0.5546875 0.03125 0.0265625
86 0.9859375 0.8328125 0.0265625 0.08125
