88 0.084375 0.5203125 0.1671875 0.05
88 0.084375 0.6484375 0.1671875 0.0703125
88 0.0859375 0.5671875 0.171875 0.0578125
88 0.0859375 0.6125 0.171875 0.065625
88 0.0859375 0.6875 0.171875 0.08125
88 0.0859375 0.7265625 0.171875 0.096875
88 0.0859375 0.7671875 0.171875 0.1109375
88 0.2265625 0.6125 0.1359375 0.0484375
88 0.225 0.546875 0.1265625 0.059375
88 0.23125 0.584375 0.1296875 0.0421875
88 0.234375 0.5171875 0.1328125 0.0359375
88 0.2296875 0.653125 0.1203125 0.06875
88 0.2296875 0.7234375 0.11875 0.0859375
88 0.2296875 0.6828125 0.115625 0.065625
88 0.4296875 0.7296875 0.2515625 0.090625
88 0.4359375 0.828125 0.2625 0.0828125
88 0.428125 0.8578125 0.21875 0.03125
88 0.9265625 0.5015625 0.0296875 0.0140625
88 0.925 0.484375 0.025 0.021875
88 0.9546875 0.484375 0.0390625 0.01875
88 0.95625 0.5015625 0.03125 0.01875
