86 0.415625 0.703125 0.128125 0.25625
86 0.01875 0.625 0.0359375 0.0484375
86 0.03125 0.5328125 0.0609375 0.1125
86 0.0390625 0.6578125 0.078125 0.0515625
86 0.046875 0.534375 0.09375 0.115625
86 0.1140625 0.759375 0.228125 0.2296875
86 0.0625 0.5484375 0.09375 0.1328125
86 0.090625 0.709375 0.1203125 0.08125
86 0.0953125 0.5671875 0.11875 0.1453125
86 0.2015625 0.771875 0.3171875 0.203125
86 0.109375 0.4921875 0.0515625 0.0703125
86 0.134375 0.5 0.05 0.084375
86 0.196875 0.6171875 0.1484375 0.2046875
86 0.165625 0.50625 0.0625 0.084375
86 0.2078125 0.5109375 0.0734375 0.090625
86 0.2578125 0.646875 0.1640625 0.225
86 0.215625 0.528125 0.0640625 0.1046875
86 0.2125 0.478125 0.034375 0.06875
86 0.240625 0.4859375 0.0359375 0.071875
86 0.2859375 0.5359375 0.1125 0.1015625
86 0.3296875 0.678125 0.1921875 0.2609375
86 0.2765625 0.4859375 0.05625 0.065625
86 0.3125 0.4984375 0.0609375 0.0828125
86 0.315625 0.4640625 0.0421875 0.0515625
86 0.3484375 0.5203125 0.059375 0.1125
86 0.3421875 0.459375 0.03125 0.03125
86 0.3859375 0.5640625 0.1046875 0.1265625
86 0.38125 0.4640625 0.0375 0.0375
86 0.403125 0.525 0.065625 0.109375
86 0.403125 0.45625 0.040625 0.040625
86 0.425 0.4859375 0.05 0.075
86 0.4625 0.58125 0.0890625 0.1453125
86 0.4421875 0.4625 0.03125 0.040625
86 0.465625 0.4921875 0.065625 0.0640625
86 0.48125 0.4703125 0.053125 0.053125
86 0.5609375 0.7390625 0.19375 0.2703125
86 0.5125 0.4890625 0.05 0.0625
86 0.53125 0.5203125 0.0859375 0.071875
86 0.56875 0.61875 0.1546875 0.184375
86 0.5234375 0.4703125 0.053125 0.053125
86 0.571875 0.4859375 0.06875 0.0609375
86 0.6078125 0.553125 0.1015625 0.1078125
86 0.6671875 0.6296875 0.153125 0.1625
86 0.6171875 0.4921875 0.05 0.0734375
86 0.646875 0.515625 0.0703125 0.0796875
86 0.7765625 0.765625 0.29375 0.2171875
86 0.665625 0.4546875 0.046875 0.04375
86 0.7 0.575 0.103125 0.1421875
86 0.709375 0.4546875 0.0421875 0.0421875
86 0.725 0.53125 0.0765625 0.1015625
86 0.803125 0.6859375 0.209375 0.2265625
86 0.7515625 0.509375 0.0671875 0.090625
86 0.78125 0.465625 0.05 0.05625
86 0.8296875 0.54375 0.109375 0.10625
86 0.83125 0.5125 0.08125 0.08125
86 0.8484375 0.4734375 0.0515625 0.0625
86 0.921875 0.6359375 0.1359375 0.2
86 0.9203125 0.51875 0.0953125 0.0796875
86 0.940625 0.7109375 0.1171875 0.225
86 0.9203125 0.4921875 0.071875 0.090625
86 0.9859375 0.5234375 0.0265625 0.0765625
86 0.9859375 0.5625 0.0265625 0.0953125
