86 0.0484375 0.6203125 0.0953125 0.0984375
86 0.0890625 0.809375 0.1765625 0.128125
86 0.0359375 0.675 0.06875 0.1359375
86 0.0859375 0.6953125 0.15625 0.1453125
86 0.15 0.6203125 0.1015625 0.1078125
86 0.2140625 0.6234375 0.0890625 0.103125
86 0.3078125 0.7125 0.1234375 0.16875
86 0.3390625 0.63125 0.078125 0.1015625
86 0.3578125 0.5875 0.075 0.065625
86 0.421875 0.7953125 0.178125 0.0984375
86 0.3953125 0.575 0.0578125 0.0546875
86 0.478125 0.7640625 0.165625 0.16875
86 0.4484375 0.578125 0.059375 0.0484375
86 0.46875 0.665625 0.096875 0.128125
86 0.5453125 0.5734375 0.075 0.053125
86 0.534375 0.525 0.03125 0.040625
86 0.575 0.5515625 0.05 0.0625
86 0.61875 0.703125 0.1328125 0.1734375
86 0.6203125 0.628125 0.0796875 0.1015625
86 0.8078125 0.5875 0.0625 0.090625
86 0.884375 0.6234375 0.10625 0.1015625
86 0.9453125 0.6859375 0.1078125 0.1671875
86 0.975 0.61875 0.046875 0.0828125
