88 0.40625 0.3375 0.146875 0.06875
88 0.403125 0.415625 0.1359375 0.0640625
88 0.409375 0.484375 0.1390625 0.05
88 0.4140625 0.2578125 0.121875 0.034375
88 0.5359375 0.471875 0.1203125 0.071875
88 0.5359375 0.4078125 0.115625 0.0625
88 0.5375 0.3359375 0.1125 0.065625
88 0.5390625 0.1953125 0.115625 0.0546875
88 0.5421875 0.2640625 0.1 0.0625
88 0.6484375 0.55625 0.109375 0.084375
88 0.65 0.3375 0.1046875 0.0609375
88 0.659375 0.4734375 0.1109375 0.0703125
88 0.65625 0.19375 0.0984375 0.0671875
88 0.6578125 0.409375 0.1046875 0.0640625
88 0.659375 0.2625 0.1078125 0.0578125
88 0.653125 0.1265625 0.0859375 0.05625
88 0.7328125 0.565625 0.05 0.0921875
88 0.7375 0.3875 0.0609375 0.090625
88 0.7359375 0.0546875 0.0546875 0.10625
88 0.734375 0.1203125 0.046875 0.1390625
88 0.7375 0.2078125 0.0453125 0.1109375
88 0.740625 0.29375 0.0515625 0.1234375
88 0.7390625 0.4671875 0.046875 0.08125
