86 0.109375 0.740625 0.196875 0.2671875
86 0.2 0.6796875 0.1203125 0.2546875
86 0.2734375 0.5546875 0.1015625 0.08125
86 0.33125 0.7421875 0.215625 0.2625
86 0.340625 0.51875 0.0671875 0.06875
86 0.3859375 0.709375 0.15 0.30625
86 0.38125 0.4921875 0.059375 0.0515625
86 0.40625 0.621875 0.0953125 0.20625
86 0.44375 0.5921875 0.0875 0.203125
86 0.4703125 0.515625 0.1125 0.16875
86 0.59375 0.459375 0.0359375 0.0359375
86 0.621875 0.496875 0.0640625 0.0734375
86 0.671875 0.6046875 0.1140625 0.1984375
86 0.684375 0.653125 0.1078125 0.2375
86 0.646875 0.4609375 0.03125 0.0609375
86 0.6953125 0.4703125 0.0484375 0.0375
86 0.771875 0.7234375 0.203125 0.3
86 0.7171875 0.4875 0.06875 0.05
86 0.8171875 0.53125 0.1046875 0.0625
86 0.8640625 0.6375 0.128125 0.2171875
86 0.9421875 0.7140625 0.1125 0.31875
