82 0.79375 0.6953125 0.31875 0.3515625
82 0.0671875 0.3515625 0.0609375 0.1
82 0.184375 0.5609375 0.2109375 0.3265625
82 0.1859375 0.3125 0.015625 0.04375
82 0.275 0.503125 0.165625 0.265625
82 0.2078125 0.3125 0.01875 0.04375
82 0.2296875 0.3140625 0.0171875 0.0640625
82 0.3359375 0.475 0.125 0.228125
82 0.3640625 0.4546875 0.1359375 0.2203125
82 0.44375 0.4125 0.1015625 0.1734375
82 0.5203125 0.384375 0.025 0.15
82 0.559375 0.31875 0.0140625 0.0421875
82 0.5734375 0.3171875 0.00625 0.05625
82 0.5890625 0.334375 0.01875 0.1140625
82 0.946875 0.6265625 0.0921875 0.3734375
