86 0.03125 0.8203125 0.0625 0.025
86 0.103125 0.8265625 0.0671875 0.0140625
86 0.20625 0.8078125 0.11875 0.0515625
86 0.234375 0.778125 0.05 0.0328125
86 0.3046875 0.815625 0.0765625 0.0359375
86 0.415625 0.7859375 0.096875 0.0953125
86 0.4953125 0.790625 0.071875 0.084375
86 0.515625 0.7359375 0.0546875 0.0234375
86 0.5578125 0.7953125 0.078125 0.0765625
86 0.565625 0.75 0.0453125 0.0609375
86 0.5953125 0.7546875 0.0296875 0.0546875
86 0.659375 0.80625 0.121875 0.053125
86 0.6390625 0.7453125 0.0546875 0.0484375
86 0.66875 0.7125 0.0515625 0.0203125
86 0.6828125 0.7453125 0.0671875 0.0328125
86 0.725 0.709375 0.0203125 0.034375
86 0.9390625 0.7484375 0.1203125 0.1703125
