85 0.5390625 0.465625 0.921875 0.58125
85 0.125 0.68125 0.25 0.15625
85 0.128125 0.7625 0.2546875 0.1421875
85 0.209375 0.803125 0.0984375 0.0609375
85 0.33125 0.5765625 0.0734375 0.0953125
85 0.334375 0.5140625 0.0796875 0.028125
85 0.4109375 0.571875 0.078125 0.096875
85 0.4109375 0.5109375 0.0703125 0.025
85 0.58125 0.546875 0.071875 0.05
85 0.5859375 0.5875 0.0609375 0.0359375
85 0.590625 0.5046875 0.0625 0.028125
85 0.65 0.5640625 0.0703125 0.09375
85 0.653125 0.5046875 0.0625 0.0265625
85 0.7140625 0.36875 0.0359375 0.1984375
85 0.7359375 0.6 0.0734375 0.0796875
85 0.734375 0.221875 0.053125 0.1078125
85 0.740625 0.55 0.06875 0.071875
85 0.7265625 0.509375 0.0328125 0.0265625
85 0.7296875 0.3703125 0.028125 0.2078125
85 0.7546875 0.5203125 0.0421875 0.046875
85 0.7625 0.375 0.0453125 0.2140625
85 0.803125 0.215625 0.0671875 0.096875
85 0.79375 0.471875 0.04375 0.034375
85 0.81875 0.5640625 0.084375 0.1296875
85 0.796875 0.4109375 0.0390625 0.0375
85 0.796875 0.4390625 0.0390625 0.0265625
85 0.8046875 0.340625 0.0484375 0.0640625
85 0.8015625 0.384375 0.034375 0.0328125
85 0.80625 0.284375 0.0390625 0.0625
85 0.853125 0.375 0.059375 0.24375
85 0.859375 0.2109375 0.0484375 0.0859375
