85 0.0703125 0.2140625 0.065625 0.1765625
85 0.303125 0.328125 0.03125 0.18125
85 0.3375 0.725 0.08125 0.2421875
85 0.3296875 0.6125 0.0625 0.0828125
85 0.3515625 0.3328125 0.0703125 0.1640625
85 0.421875 0.6671875 0.0671875 0.140625
85 0.4234375 0.571875 0.0671875 0.034375
85 0.4234375 0.3359375 0.0703125 0.16875
85 0.53125 0.290625 0.1015625 0.0859375
85 0.640625 0.29375 0.10625 0.0921875
85 0.8046875 0.54375 0.1734375 0.378125
85 0.8109375 0.29375 0.171875 0.1296875
85 0.7984375 0.625 0.05625 0.06875
85 0.8 0.68125 0.034375 0.046875
85 0.8734375 0.771875 0.1140625 0.203125
85 0.88125 0.6984375 0.0984375 0.1359375
85 0.95625 0.8234375 0.0859375 0.1015625
85 0.9640625 0.203125 0.0703125 0.1453125
