85 0.28125 0.9296875 0.228125 0.1375
85 0.465625 0.053125 0.0328125 0.1046875
85 0.5234375 0.06875 0.040625 0.1375
85 0.5234375 0.2703125 0.040625 0.13125
85 0.528125 0.3921875 0.0359375 0.11875
85 0.5546875 0.9609375 0.0484375 0.0765625
85 0.565625 0.1015625 0.0359375 0.1484375
85 0.565625 0.23125 0.0375 0.1328125
85 0.5703125 0.378125 0.0359375 0.1265625
85 0.5765625 0.5203125 0.034375 0.1328125
85 0.58125 0.6375 0.040625 0.153125
85 0.6015625 0.8859375 0.05 0.225
85 0.609375 0.1140625 0.0296875 0.1375
85 0.6109375 0.3984375 0.0328125 0.0953125
85 0.6140625 0.515625 0.040625 0.1296875
85 0.6125 0.2578125 0.034375 0.146875
85 0.6234375 0.6421875 0.0359375 0.1359375
85 0.640625 0.8578125 0.0515625 0.2234375
85 0.6765625 0.8328125 0.0453125 0.2109375
85 0.6953125 0.9734375 0.04375 0.0515625
