88 0.0546875 0.690625 0.109375 0.3625
88 0.125 0.6671875 0.225 0.3609375
88 0.3265625 0.6328125 0.1734375 0.365625
88 0.4625 0.6125 0.0984375 0.265625
88 0.54375 0.6265625 0.125 0.1625
88 0.7625 0.5515625 0.2265625 0.1765625
88 0.7125 0.615625 0.0859375 0.11875
88 0.8578125 0.615625 0.06875 0.134375
88 0.9515625 0.4484375 0.0953125 0.08125
88 0.9546875 0.5671875 0.0875 0.08125
88 0.959375 0.6546875 0.075 0.1125
88 0.9609375 0.69375 0.0765625 0.128125
88 0.9609375 0.771875 0.075 0.1609375
