82 0.0140625 0.759375 0.028125 0.0421875
82 0.0359375 0.69375 0.071875 0.1734375
82 0.040625 0.621875 0.08125 0.215625
82 0.040625 0.6375 0.08125 0.175
82 0.0421875 0.5609375 0.084375 0.13125
82 0.2984375 0.5375 0.2015625 0.115625
82 0.35625 0.5546875 0.2265625 0.1390625
82 0.39375 0.63125 0.296875 0.2296875
82 0.4234375 0.565625 0.259375 0.1359375
82 0.5859375 0.5296875 0.2390625 0.1046875
82 0.6453125 0.5328125 0.2421875 0.0890625
82 0.7609375 0.709375 0.475 0.140625
82 0.7234375 0.5875 0.21875 0.1828125
82 0.853125 0.5953125 0.2921875 0.1609375
82 0.921875 0.6 0.153125 0.140625
