85 0.0515625 0.2640625 0.103125 0.1921875
85 0.0515625 0.690625 0.103125 0.284375
85 0.2359375 0.671875 0.2875 0.2046875
85 0.1625 0.178125 0.1375 0.021875
85 0.2390625 0.8 0.275 0.065625
85 0.3015625 0.184375 0.1328125 0.0328125
85 0.4546875 0.2625 0.1796875 0.18125
85 0.44375 0.6296875 0.134375 0.071875
85 0.4484375 0.678125 0.134375 0.0625
85 0.4484375 0.7484375 0.1296875 0.1015625
85 0.45 0.56875 0.1328125 0.0640625
85 0.55625 0.71875 0.0515625 0.228125
85 0.621875 0.265625 0.1734375 0.1953125
85 0.5859375 0.6078125 0.1 0.134375
85 0.603125 0.7375 0.0671875 0.1890625
85 0.6859375 0.71875 0.128125 0.228125
85 0.7828125 0.7984375 0.08125 0.0671875
85 0.8015625 0.7640625 0.0859375 0.1375
