86 0.4046875 0.74375 0.1375 0.159375
86 0.065625 0.5578125 0.09375 0.084375
86 0.14375 0.546875 0.0625 0.09375
86 0.159375 0.45625 0.0671875 0.0875
86 0.1890625 0.4671875 0.040625 0.0671875
86 0.225 0.70625 0.0796875 0.2015625
86 0.253125 0.6234375 0.11875 0.1125
86 0.2484375 0.503125 0.0296875 0.0359375
86 0.303125 0.4859375 0.0265625 0.028125
86 0.48125 0.765625 0.125 0.1359375
86 0.4453125 0.5296875 0.0296875 0.059375
86 0.503125 0.540625 0.04375 0.071875
86 0.5515625 0.5546875 0.06875 0.0375
86 0.659375 0.5015625 0.0265625 0.0265625
86 0.696875 0.6703125 0.0515625 0.1609375
86 0.7296875 0.559375 0.0234375 0.10625
86 0.803125 0.61875 0.0796875 0.134375
86 0.88125 0.671875 0.134375 0.0515625
86 0.896875 0.5046875 0.0234375 0.021875
86 0.903125 0.4859375 0.0125 0.0171875
86 0.934375 0.5125 0.0109375 0.021875
