86 0.11875 0.5828125 0.0625 0.0984375
86 0.146875 0.590625 0.075 0.0875
86 0.175 0.5625 0.046875 0.0671875
86 0.2109375 0.6359375 0.1015625 0.1609375
86 0.225 0.55625 0.0640625 0.0375
86 0.2953125 0.6640625 0.1375 0.1609375
86 0.2734375 0.5328125 0.0453125 0.0125
86 0.346875 0.7015625 0.1453125 0.2171875
86 0.31875 0.5859375 0.084375 0.075
86 0.3265625 0.5515625 0.059375 0.0375
86 0.4359375 0.8078125 0.1890625 0.3125
86 0.409375 0.596875 0.090625 0.053125
86 0.4765625 0.6671875 0.121875 0.16875
86 0.475 0.60625 0.096875 0.1453125
86 0.56875 0.76875 0.2359375 0.25
86 0.590625 0.63125 0.109375 0.140625
86 0.6453125 0.6484375 0.1453125 0.1703125
86 0.796875 0.8078125 0.228125 0.3484375
86 0.865625 0.7234375 0.09375 0.209375
86 0.8859375 0.753125 0.05 0.2515625
