86 0.88125 0.6359375 0.1609375 0.184375
86 0.0296875 0.6328125 0.059375 0.078125
86 0.321875 0.7609375 0.5234375 0.14375
86 0.1390625 0.5921875 0.109375 0.10625
86 0.103125 0.4484375 0.0109375 0.0171875
86 0.2875 0.5921875 0.1671875 0.15
86 0.2234375 0.5171875 0.034375 0.0234375
86 0.3890625 0.59375 0.0625 0.1234375
86 0.40625 0.4765625 0.0625 0.015625
86 0.4234375 0.440625 0.0234375 0.025
86 0.459375 0.425 0.0203125 0.034375
86 0.5078125 0.48125 0.034375 0.05625
86 0.7640625 0.8046875 0.2765625 0.05625
