88 0.41875 0.43125 0.23125 0.38125
88 0.21875 0.2875 0.109375 0.0578125
88 0.221875 0.3453125 0.1 0.05
88 0.234375 0.4 0.090625 0.05625
88 0.253125 0.4390625 0.034375 0.0234375
88 0.3234375 0.275 0.103125 0.06875
88 0.3265625 0.34375 0.109375 0.0609375
88 0.3328125 0.39375 0.1078125 0.0453125
88 0.3328125 0.459375 0.0984375 0.05
88 0.53125 0.6359375 0.421875 0.16875
88 0.353125 0.5125 0.05625 0.0546875
88 0.45625 0.4609375 0.146875 0.0546875
88 0.4578125 0.334375 0.146875 0.084375
88 0.4625 0.53125 0.15 0.0625
88 0.4578125 0.3953125 0.1375 0.0515625
88 0.459375 0.265625 0.128125 0.0796875
88 0.61875 0.54375 0.0625 0.065625
88 0.621875 0.3421875 0.0609375 0.0296875
88 0.61875 0.3984375 0.053125 0.0734375
88 0.6203125 0.4734375 0.0515625 0.040625
88 0.665625 0.5421875 0.034375 0.0640625
88 0.6703125 0.4015625 0.028125 0.0625
88 0.6703125 0.4703125 0.028125 0.05
88 0.675 0.340625 0.028125 0.0453125
