85 0.221875 0.26875 0.0796875 0.115625
85 0.29375 0.2703125 0.06875 0.090625
85 0.359375 0.4328125 0.0796875 0.1
85 0.3625 0.2734375 0.0609375 0.0796875
85 0.4328125 0.4359375 0.0796875 0.096875
85 0.434375 0.2765625 0.06875 0.0796875
85 0.5109375 0.25625 0.078125 0.03125
85 0.5796875 0.4375 0.0625 0.0953125
85 0.5828125 0.28125 0.06875 0.08125
85 0.6296875 0.2796875 0.0453125 0.08125
85 0.659375 0.4515625 0.0953125 0.1140625
85 0.678125 0.28125 0.071875 0.0953125
85 0.7140625 0.4765625 0.078125 0.090625
85 0.7640625 0.3875 0.1046875 0.125
85 0.765625 0.2765625 0.1 0.1296875
