86 0.28125 0.6421875 0.2390625 0.33125
86 0.0328125 0.475 0.065625 0.15
86 0.034375 0.559375 0.0671875 0.121875
86 0.125 0.5140625 0.14375 0.1875
86 0.13125 0.48125 0.125 0.1609375
86 0.378125 0.5609375 0.184375 0.2515625
86 0.525 0.6953125 0.2453125 0.33125
86 0.575 0.56875 0.2 0.2578125
86 0.703125 0.63125 0.2265625 0.3
86 0.684375 0.3734375 0.0375 0.053125
86 0.728125 0.3765625 0.0328125 0.059375
86 0.76875 0.378125 0.03125 0.0515625
86 0.809375 0.3578125 0.03125 0.0078125
86 0.853125 0.378125 0.040625 0.0515625
86 0.8953125 0.375 0.0296875 0.040625
86 0.94375 0.3796875 0.0375 0.0421875
