86 0.2234375 0.68125 0.1453125 0.175
86 0.0515625 0.5859375 0.0890625 0.090625
86 0.140625 0.54375 0.0546875 0.059375
86 0.19375 0.546875 0.0828125 0.075
86 0.2234375 0.503125 0.025 0.05
86 0.409375 0.5421875 0.065625 0.0484375
86 0.4578125 0.70625 0.1515625 0.20625
86 0.4984375 0.65 0.096875 0.15625
86 0.6171875 0.565625 0.046875 0.0859375
86 0.671875 0.5765625 0.071875 0.09375
86 0.7515625 0.5734375 0.084375 0.090625
86 0.8203125 0.5703125 0.0703125 0.0859375
86 0.91875 0.5109375 0.06875 0.065625
