82 0.1125 0.634375 0.1609375 0.20625
82 0.1984375 0.565625 0.128125 0.1765625
82 0.2671875 0.50625 0.0984375 0.1203125
82 0.3078125 0.4734375 0.0875 0.1078125
82 0.3390625 0.44375 0.075 0.075
82 0.3640625 0.4359375 0.0671875 0.078125
82 0.384375 0.415625 0.0546875 0.05625
82 0.3953125 0.4125 0.0421875 0.0625
82 0.64375 0.41875 0.0484375 0.0625
82 0.6484375 0.4265625 0.0546875 0.0703125
82 0.659375 0.4328125 0.05 0.0703125
82 0.6765625 0.4578125 0.0703125 0.0890625
82 0.703125 0.48125 0.0828125 0.1046875
82 0.7234375 0.5015625 0.084375 0.1203125
82 0.79375 0.5546875 0.1140625 0.1578125
82 0.8796875 0.6296875 0.1640625 0.20625
