85 0.0828125 0.3203125 0.134375 0.0703125
85 0.0828125 0.3828125 0.125 0.059375
85 0.046875 0.7234375 0.0484375 0.165625
85 0.0859375 0.4453125 0.1171875 0.0828125
85 0.0875 0.7203125 0.0390625 0.1671875
85 0.18125 0.7203125 0.1125 0.1828125
85 0.2171875 0.4515625 0.14375 0.0734375
85 0.2265625 0.3859375 0.146875 0.053125
85 0.2515625 0.3171875 0.0875 0.0890625
85 0.34375 0.7921875 0.178125 0.053125
85 0.346875 0.703125 0.1765625 0.1203125
85 0.5640625 0.6703125 0.2265625 0.1203125
85 0.5703125 0.7484375 0.2359375 0.11875
