86 0.15625 0.73125 0.046875 0.0921875
86 0.16875 0.684375 0.071875 0.13125
86 0.2359375 0.659375 0.065625 0.090625
86 0.2734375 0.6984375 0.115625 0.146875
86 0.303125 0.6515625 0.05625 0.0984375
86 0.3578125 0.671875 0.096875 0.10625
86 0.35625 0.6546875 0.0765625 0.1015625
86 0.41875 0.659375 0.0734375 0.109375
86 0.4796875 0.6359375 0.06875 0.0765625
86 0.6078125 0.6625 0.096875 0.1734375
86 0.625 0.65 0.0515625 0.1625
86 0.646875 0.6328125 0.028125 0.140625
86 0.7890625 0.7796875 0.19375 0.1875
