86 0.01875 0.3140625 0.0359375 0.046875
86 0.04375 0.353125 0.065625 0.0359375
86 0.05 0.3171875 0.021875 0.0328125
86 0.071875 0.4953125 0.0453125 0.109375
86 0.08125 0.3125 0.028125 0.025
86 0.128125 0.5359375 0.1203125 0.1515625
86 0.09375 0.346875 0.021875 0.028125
86 0.1578125 0.5984375 0.1375 0.1984375
86 0.1046875 0.3140625 0.015625 0.03125
86 0.2609375 0.69375 0.21875 0.25
86 0.2125 0.4859375 0.0328125 0.059375
86 0.23125 0.278125 0.0234375 0.0234375
86 0.4359375 0.771875 0.328125 0.1
86 0.3265625 0.5 0.071875 0.0578125
86 0.334375 0.4515625 0.0671875 0.040625
86 0.3578125 0.2796875 0.03125 0.015625
86 0.4453125 0.5953125 0.1328125 0.125
86 0.421875 0.3265625 0.0328125 0.015625
86 0.453125 0.371875 0.05 0.0234375
86 0.4546875 0.475 0.034375 0.0234375
86 0.4640625 0.3875 0.053125 0.03125
86 0.4828125 0.321875 0.01875 0.015625
86 0.490625 0.365625 0.0296875 0.025
86 0.515625 0.4890625 0.078125 0.0953125
86 0.5265625 0.2796875 0.025 0.021875
86 0.5734375 0.540625 0.1015625 0.0828125
86 0.5890625 0.4703125 0.0890625 0.0890625
86 0.5734375 0.3578125 0.0328125 0.0265625
86 0.571875 0.384375 0.025 0.0328125
86 0.6125 0.409375 0.0609375 0.0421875
86 0.69375 0.7328125 0.2140625 0.1765625
86 0.6296875 0.296875 0.021875 0.0296875
86 0.640625 0.359375 0.028125 0.021875
86 0.6578125 0.3984375 0.0265625 0.034375
86 0.6765625 0.29375 0.0203125 0.0125
86 0.725 0.2984375 0.0390625 0.01875
86 0.8375 0.7078125 0.13125 0.228125
86 0.8515625 0.4 0.0390625 0.028125
86 0.8671875 0.3265625 0.015625 0.0171875
86 0.878125 0.3453125 0.028125 0.0203125
86 0.903125 0.48125 0.0765625 0.109375
86 0.8765625 0.3296875 0.01875 0.01875
86 0.8921875 0.409375 0.0453125 0.0625
86 0.8828125 0.3609375 0.0203125 0.021875
86 0.9390625 0.65625 0.1171875 0.234375
86 0.8953125 0.3296875 0.015625 0.009375
86 0.9 0.346875 0.015625 0.021875
86 0.965625 0.4609375 0.065625 0.109375
86 0.95 0.35 0.0203125 0.01875
86 0.95 0.334375 0.015625 0.01875
86 0.965625 0.334375 0.0109375 0.01875
