88 0.278125 0.2421875 0.23125 0.096875
88 0.2828125 0.621875 0.1875 0.18125
88 0.284375 0.4953125 0.1828125 0.11875
88 0.2875 0.3171875 0.1796875 0.0734375
88 0.290625 0.40625 0.175 0.0890625
88 0.4453125 0.334375 0.1578125 0.06875
88 0.4453125 0.5578125 0.146875 0.0890625
88 0.44375 0.6546875 0.1421875 0.0875
88 0.45 0.4046875 0.1484375 0.06875
88 0.45 0.4890625 0.14375 0.096875
88 0.45625 0.26875 0.1546875 0.0953125
88 0.9203125 0.6890625 0.15625 0.1375
88 0.9265625 0.51875 0.14375 0.1078125
88 0.928125 0.6046875 0.1421875 0.1125
88 0.93125 0.4125 0.134375 0.140625
88 0.934375 0.2890625 0.1296875 0.1125
