85 0.134375 0.209375 0.184375 0.16875
85 0.159375 0.7359375 0.1796875 0.2765625
85 0.3 0.2125 0.165625 0.1734375
85 0.275 0.71875 0.1046875 0.2875
85 0.6171875 0.571875 0.1484375 0.0609375
85 0.6171875 0.6015625 0.140625 0.0421875
85 0.821875 0.2515625 0.3546875 0.2515625
85 0.74375 0.5484375 0.1203125 0.0640625
85 0.7484375 0.5890625 0.115625 0.0421875
85 0.86875 0.609375 0.1265625 0.071875
85 0.871875 0.553125 0.1203125 0.06875
85 0.965625 0.5765625 0.065625 0.0578125
85 0.965625 0.61875 0.065625 0.0484375
