86 0.0953125 0.4703125 0.190625 0.2390625
86 0.18125 0.5328125 0.3625 0.6
86 0.2171875 0.5484375 0.434375 0.56875
86 0.0984375 0.3875 0.184375 0.2296875
86 0.240625 0.5859375 0.3984375 0.49375
86 0.6046875 0.5015625 0.7875 0.6625
86 0.4515625 0.4953125 0.2515625 0.3578125
86 0.4546875 0.31875 0.084375 0.0859375
86 0.7078125 0.5796875 0.490625 0.384375
86 0.553125 0.34375 0.109375 0.078125
86 0.6046875 0.3515625 0.15625 0.178125
86 0.5875 0.3015625 0.090625 0.0703125
86 0.696875 0.4515625 0.121875 0.1109375
86 0.7296875 0.4125 0.1484375 0.2296875
86 0.9421875 0.6125 0.1125 0.440625
