86 0.0625 0.7328125 0.125 0.2
86 0.134375 0.7109375 0.21875 0.24375
86 0.21875 0.73125 0.2640625 0.203125
86 0.2359375 0.575 0.0734375 0.0453125
86 0.25625 0.5515625 0.05625 0.0234375
86 0.3578125 0.7171875 0.221875 0.2328125
86 0.2796875 0.5328125 0.0484375 0.025
86 0.34375 0.75625 0.13125 0.153125
86 0.440625 0.5640625 0.0328125 0.0625
86 0.5953125 0.7125 0.2171875 0.240625
86 0.55625 0.6625 0.0703125 0.2078125
86 0.5578125 0.55 0.0421875 0.034375
86 0.7703125 0.5578125 0.034375 0.028125
86 0.8203125 0.6109375 0.128125 0.1015625
86 0.796875 0.5421875 0.0453125 0.021875
86 0.878125 0.54375 0.0484375 0.025
86 0.8765625 0.5859375 0.040625 0.06875
86 0.9078125 0.61875 0.0609375 0.13125
86 0.9203125 0.6296875 0.075 0.14375
