86 0.265625 0.5765625 0.165625 0.215625
86 0.290625 0.5921875 0.2140625 0.2515625
86 0.2515625 0.4921875 0.125 0.15625
86 0.259375 0.5484375 0.1375 0.19375
86 0.3375 0.6328125 0.2359375 0.275
86 0.4 0.45625 0.1796875 0.1
86 0.471875 0.471875 0.084375 0.109375
86 0.4859375 0.4796875 0.08125 0.1125
86 0.5125 0.4828125 0.0984375 0.128125
86 0.528125 0.4890625 0.103125 0.140625
86 0.540625 0.5 0.1015625 0.153125
86 0.5890625 0.5328125 0.1140625 0.1984375
86 0.6625 0.546875 0.178125 0.2265625
