86 0.415625 0.4453125 0.146875 0.2046875
86 0.03125 0.375 0.0625 0.121875
86 0.0484375 0.3328125 0.0859375 0.1203125
86 0.1359375 0.53125 0.2296875 0.315625
86 0.146875 0.3 0.1265625 0.06875
86 0.1890625 0.3796875 0.15625 0.1578125
86 0.196875 0.2953125 0.090625 0.071875
86 0.24375 0.2859375 0.0984375 0.0734375
86 0.3375 0.36875 0.1125 0.15625
86 0.453125 0.3609375 0.08125 0.134375
86 0.5140625 0.2953125 0.0578125 0.0625
86 0.5609375 0.4671875 0.146875 0.209375
86 0.546875 0.321875 0.08125 0.0546875
86 0.6796875 0.3796875 0.0953125 0.1484375
86 0.8109375 0.6515625 0.3578125 0.3625
86 0.71875 0.4515625 0.1546875 0.1578125
86 0.7640625 0.3125 0.0796875 0.1140625
86 0.83125 0.3484375 0.1109375 0.0765625
86 0.88125 0.3140625 0.08125 0.1171875
