86 0.034375 0.6046875 0.06875 0.05625
86 0.1265625 0.7796875 0.1984375 0.1875
86 0.109375 0.4703125 0.025 0.0328125
86 0.159375 0.5234375 0.0203125 0.0515625
86 0.21875 0.603125 0.0890625 0.0515625
86 0.228125 0.4734375 0.03125 0.0390625
86 0.3625 0.76875 0.190625 0.19375
86 0.3125 0.525 0.078125 0.059375
86 0.340625 0.4609375 0.0328125 0.025
86 0.4125 0.659375 0.1125 0.1828125
86 0.3765625 0.4328125 0.0265625 0.021875
86 0.4375 0.54375 0.0921875 0.1140625
86 0.6484375 0.54375 0.0984375 0.1390625
86 0.671875 0.40625 0.034375 0.0328125
86 0.7046875 0.6 0.0703125 0.0703125
86 0.69375 0.4296875 0.034375 0.0421875
86 0.7875 0.784375 0.2171875 0.1609375
86 0.7796875 0.5015625 0.0828125 0.0546875
86 0.809375 0.421875 0.01875 0.028125
86 0.8390625 0.4484375 0.0484375 0.046875
86 0.8890625 0.6 0.1125 0.0890625
86 0.93125 0.4890625 0.04375 0.040625
86 0.971875 0.5796875 0.0546875 0.0421875
