86 0.04375 0.571875 0.0875 0.05
86 0.1421875 0.759375 0.2828125 0.2265625
86 0.0125 0.6171875 0.021875 0.103125
86 0.1015625 0.609375 0.125 0.0984375
86 0.1375 0.5671875 0.075 0.046875
86 0.225 0.5875 0.05625 0.121875
86 0.2515625 0.5359375 0.0375 0.0296875
86 0.2875 0.5890625 0.053125 0.10625
86 0.2953125 0.53125 0.0421875 0.0203125
86 0.3453125 0.578125 0.0578125 0.1015625
86 0.340625 0.5375 0.015625 0.0359375
86 0.3515625 0.5453125 0.0203125 0.0515625
86 0.390625 0.56875 0.06875 0.053125
86 0.434375 0.6640625 0.1234375 0.215625
86 0.4734375 0.5609375 0.05625 0.040625
86 0.4671875 0.53125 0.0265625 0.0171875
86 0.5296875 0.6546875 0.13125 0.196875
86 0.5859375 0.6046875 0.0578125 0.1265625
86 0.7671875 0.8375 0.153125 0.075
86 0.85625 0.746875 0.165625 0.25625
86 0.8625 0.66875 0.1734375 0.21875
