86 0.2578125 0.5015625 0.03125 0.0296875
86 0.2734375 0.534375 0.046875 0.0546875
86 0.2984375 0.628125 0.0984375 0.1359375
86 0.29375 0.5109375 0.0359375 0.0421875
86 0.315625 0.540625 0.0375 0.053125
86 0.340625 0.5859375 0.075 0.1125
86 0.334375 0.525 0.028125 0.0546875
86 0.3796875 0.5 0.04375 0.0375
86 0.41875 0.5671875 0.0484375 0.0890625
86 0.4171875 0.5046875 0.0359375 0.0328125
86 0.4453125 0.6171875 0.0859375 0.1328125
86 0.46875 0.5078125 0.0359375 0.05625
86 0.4859375 0.528125 0.040625 0.059375
86 0.521875 0.640625 0.1046875 0.15
86 0.503125 0.478125 0.03125 0.0109375
86 0.55625 0.6078125 0.0828125 0.134375
86 0.5390625 0.53125 0.04375 0.053125
86 0.5359375 0.5109375 0.0265625 0.0453125
86 0.5765625 0.5609375 0.053125 0.0703125
86 0.6 0.534375 0.0375 0.0703125
86 0.634375 0.5515625 0.05 0.071875
86 0.678125 0.6546875 0.1046875 0.171875
86 0.721875 0.7125 0.134375 0.196875
86 0.6765625 0.5078125 0.03125 0.0140625
86 0.6953125 0.5234375 0.0546875 0.034375
86 0.7171875 0.60625 0.096875 0.1171875
86 0.7296875 0.559375 0.0515625 0.0671875
86 0.7546875 0.5203125 0.021875 0.0265625
86 0.803125 0.5953125 0.0859375 0.11875
86 0.7828125 0.5203125 0.0421875 0.0140625
86 0.79375 0.5625 0.05625 0.0796875
