83 0.865625 0.690625 0.13125 0.1671875
83 0.0640625 0.5203125 0.0546875 0.0953125
83 0.0875 0.484375 0.046875 0.0640625
83 0.1109375 0.453125 0.0265625 0.04375
83 0.125 0.44375 0.0296875 0.05
83 0.14375 0.4390625 0.015625 0.04375
83 0.2546875 0.5140625 0.1765625 0.08125
83 0.2375 0.4375 0.090625 0.0078125
83 0.2578125 0.453125 0.13125 0.0171875
83 0.2765625 0.759375 0.1625 0.1046875
83 0.240625 0.4203125 0.0765625 0.0171875
83 0.4671875 0.4609375 0.2515625 0.1171875
83 0.546875 0.5 0.1421875 0.08125
83 0.7046875 0.49375 0.1 0.0953125
