86 0.2109375 0.75 0.196875 0.234375
86 0.0546875 0.6578125 0.1078125 0.196875
86 0.1484375 0.6640625 0.11875 0.190625
86 0.2828125 0.65625 0.096875 0.1984375
86 0.31875 0.8140625 0.0765625 0.121875
86 0.371875 0.690625 0.103125 0.14375
86 0.5015625 0.6265625 0.08125 0.159375
86 0.5609375 0.7328125 0.0953125 0.209375
86 0.5953125 0.6140625 0.1015625 0.153125
86 0.7 0.653125 0.0921875 0.140625
86 0.715625 0.671875 0.096875 0.109375
86 0.940625 0.64375 0.1 0.13125
86 0.9359375 0.7265625 0.0515625 0.040625
