85 0.109375 0.61875 0.1984375 0.18125
85 0.171875 0.61875 0.0828125 0.134375
85 0.2125 0.46875 0.109375 0.0640625
85 0.2328125 0.6015625 0.0625 0.121875
85 0.3140625 0.45 0.0734375 0.021875
85 0.3171875 0.471875 0.071875 0.01875
85 0.3171875 0.4875 0.071875 0.0140625
85 0.31875 0.5421875 0.0765625 0.0390625
85 0.3171875 0.5109375 0.0703125 0.0296875
85 0.31875 0.571875 0.06875 0.028125
85 0.321875 0.515625 0.0734375 0.1421875
85 0.3890625 0.478125 0.0953125 0.0890625
85 0.5 0.446875 0.1046875 0.034375
85 0.4984375 0.521875 0.1 0.028125
85 0.5015625 0.4796875 0.1046875 0.04375
85 0.5078125 0.4984375 0.1078125 0.1625
85 0.515625 0.559375 0.08125 0.034375
85 0.5984375 0.553125 0.0296875 0.0890625
85 0.6171875 0.565625 0.0578125 0.1
85 0.6765625 0.6 0.090625 0.1375
85 0.721875 0.596875 0.1765625 0.1296875
85 0.821875 0.4953125 0.1484375 0.1125
