88 0.2421875 0.5015625 0.1828125 0.0484375
88 0.2421875 0.6328125 0.1734375 0.08125
88 0.2484375 0.5609375 0.175 0.0703125
88 0.2515625 0.746875 0.178125 0.134375
88 0.396875 0.465625 0.0484375 0.0359375
88 0.396875 0.4953125 0.0453125 0.025
88 0.4 0.515625 0.05 0.0359375
88 0.3984375 0.54375 0.0453125 0.0265625
88 0.428125 0.5109375 0.021875 0.0234375
88 0.4296875 0.4859375 0.0140625 0.0234375
88 0.4328125 0.5515625 0.021875 0.0265625
88 0.4328125 0.53125 0.015625 0.025
88 0.46875 0.5671875 0.0625 0.021875
88 0.4765625 0.4828125 0.078125 0.028125
88 0.4765625 0.509375 0.078125 0.0234375
88 0.471875 0.5484375 0.0640625 0.0171875
88 0.478125 0.5296875 0.075 0.01875
88 0.54375 0.5515625 0.06875 0.0234375
88 0.5546875 0.5296875 0.0796875 0.025
88 0.55625 0.5125 0.078125 0.021875
88 0.559375 0.490625 0.084375 0.0265625
88 0.5609375 0.475 0.08125 0.0125
88 0.7546875 0.4625 0.215625 0.19375
88 0.7578125 0.7921875 0.215625 0.09375
88 0.765625 0.65625 0.21875 0.1921875
