86 0.5671875 0.75 0.1671875 0.2078125
86 0.021875 0.471875 0.0125 0.0203125
86 0.0546875 0.515625 0.0703125 0.0734375
86 0.1265625 0.5109375 0.0546875 0.075
86 0.1984375 0.4953125 0.025 0.0515625
86 0.284375 0.678125 0.1765625 0.125
86 0.259375 0.525 0.08125 0.078125
86 0.2640625 0.5609375 0.0890625 0.0890625
86 0.346875 0.525 0.0609375 0.0828125
86 0.440625 0.565625 0.078125 0.1078125
86 0.496875 0.6140625 0.096875 0.1265625
86 0.596875 0.5890625 0.0953125 0.125
86 0.965625 0.5828125 0.065625 0.109375
