88 0.31875 0.4890625 0.0828125 0.09375
88 0.08125 0.690625 0.0484375 0.0578125
88 0.1359375 0.6796875 0.025 0.0453125
88 0.1734375 0.6828125 0.03125 0.0375
88 0.2046875 0.6875 0.0265625 0.03125
88 0.4171875 0.4875 0.075 0.084375
88 0.5078125 0.75 0.1078125 0.08125
88 0.5046875 0.4921875 0.075 0.078125
88 0.571875 0.5015625 0.0546875 0.0671875
88 0.5890625 0.7515625 0.028125 0.078125
88 0.63125 0.503125 0.053125 0.0578125
88 0.6484375 0.725 0.0390625 0.0625
88 0.684375 0.5078125 0.0453125 0.0625
88 0.740625 0.51875 0.0546875 0.05
88 0.7859375 0.51875 0.040625 0.0421875
88 0.8109375 0.70625 0.0328125 0.0515625
88 0.8265625 0.525 0.034375 0.040625
88 0.8640625 0.5265625 0.0421875 0.046875
88 0.875 0.709375 0.04375 0.071875
