88 0.1234375 0.1796875 0.1453125 0.0515625
88 0.1234375 0.2953125 0.1359375 0.0484375
88 0.1234375 0.234375 0.1328125 0.0546875
88 0.1265625 0.3515625 0.1328125 0.0484375
88 0.128125 0.4109375 0.125 0.065625
88 0.1265625 0.4703125 0.1109375 0.053125
88 0.2125 0.5421875 0.0625 0.0609375
88 0.2203125 0.48125 0.071875 0.0546875
88 0.2140625 0.603125 0.05625 0.0546875
88 0.2890625 0.2421875 0.1609375 0.0578125
88 0.290625 0.184375 0.1671875 0.0546875
88 0.29375 0.359375 0.1703125 0.065625
88 0.2921875 0.309375 0.1640625 0.0609375
88 0.2515625 0.4109375 0.0765625 0.05625
88 0.396875 0.5109375 0.0375 0.0515625
88 0.39375 0.575 0.0265625 0.059375
88 0.4375 0.5796875 0.04375 0.0609375
88 0.45 0.65625 0.0671875 0.0609375
88 0.4453125 0.5140625 0.0453125 0.05625
88 0.5984375 0.690625 0.1125 0.078125
88 0.6125 0.546875 0.0828125 0.0734375
88 0.6109375 0.615625 0.0765625 0.0765625
88 0.728125 0.7125 0.1515625 0.0859375
88 0.7203125 0.6390625 0.1203125 0.0859375
88 0.8234375 0.565625 0.2828125 0.0796875
