86 0.365625 0.684375 0.2984375 0.409375
86 0.025 0.4296875 0.05 0.1796875
86 0.153125 0.553125 0.15625 0.2484375
86 0.234375 0.6125 0.16875 0.2984375
86 0.325 0.4328125 0.0296875 0.021875
86 0.528125 0.75625 0.359375 0.275
86 0.4765625 0.5375 0.1046875 0.175
86 0.4671875 0.35625 0.0734375 0.0421875
86 0.5171875 0.440625 0.065625 0.0515625
86 0.6 0.565625 0.20625 0.13125
86 0.621875 0.5203125 0.19375 0.1421875
86 0.671875 0.43125 0.0578125 0.0484375
86 0.7546875 0.503125 0.040625 0.1046875
86 0.875 0.8453125 0.246875 0.0984375
86 0.984375 0.5296875 0.0296875 0.08125
