88 0.0046875 0.4625 0.009375 0.025
88 0.009375 0.4359375 0.01875 0.0234375
88 0.0140625 0.3375 0.028125 0.0328125
88 0.0328125 0.759375 0.0640625 0.028125
88 0.0375 0.665625 0.075 0.03125
88 0.0296875 0.7921875 0.059375 0.0328125
88 0.0375 0.696875 0.075 0.0296875
88 0.0328125 0.7296875 0.0625 0.0296875
88 0.04375 0.5890625 0.0796875 0.04375
88 0.021875 0.3078125 0.0328125 0.0359375
88 0.0234375 0.2828125 0.034375 0.0265625
88 0.0453125 0.5609375 0.065625 0.040625
88 0.0296875 0.2546875 0.0296875 0.03125
88 0.05 0.5359375 0.071875 0.040625
88 0.03125 0.2328125 0.0328125 0.0296875
88 0.053125 0.503125 0.0703125 0.0375
88 0.0546875 0.475 0.0671875 0.0375
88 0.0609375 0.446875 0.06875 0.0390625
88 0.06875 0.3546875 0.06875 0.05
88 0.071875 0.3265625 0.0640625 0.04375
88 0.078125 0.303125 0.065625 0.04375
88 0.078125 0.278125 0.0671875 0.05
88 0.08125 0.253125 0.0703125 0.046875
88 0.0984375 0.1703125 0.0625 0.0515625
88 0.103125 0.8234375 0.0734375 0.0375
88 0.1 0.153125 0.0625 0.0390625
88 0.1046875 0.796875 0.0625 0.028125
88 0.1078125 0.7640625 0.0640625 0.025
88 0.109375 0.7375 0.065625 0.025
88 0.1109375 0.703125 0.0640625 0.0296875
88 0.10625 0.1390625 0.053125 0.028125
88 0.109375 0.6734375 0.05625 0.0359375
88 0.121875 0.578125 0.0671875 0.0390625
88 0.121875 0.6078125 0.0625 0.0421875
88 0.1265625 0.4921875 0.0640625 0.0390625
88 0.1265625 0.546875 0.0640625 0.0375
88 0.13125 0.465625 0.06875 0.0328125
88 0.128125 0.521875 0.0609375 0.0375
88 0.1375 0.3796875 0.0609375 0.0359375
88 0.140625 0.35 0.0625 0.0421875
88 0.1359375 0.4 0.0484375 0.021875
88 0.1421875 0.3296875 0.0640625 0.0484375
88 0.146875 0.28125 0.0640625 0.0421875
88 0.1484375 0.3078125 0.059375 0.0484375
88 0.159375 0.1828125 0.0484375 0.0375
88 0.1640625 0.1421875 0.0578125 0.0328125
88 0.15625 0.203125 0.0359375 0.0328125
88 0.1640625 0.1609375 0.0515625 0.0421875
88 0.1703125 0.7703125 0.046875 0.0265625
88 0.1734375 0.7421875 0.04375 0.025
88 0.178125 0.7109375 0.0453125 0.0203125
88 0.178125 0.684375 0.0421875 0.028125
88 0.1828125 0.6171875 0.05 0.034375
88 0.1828125 0.5609375 0.0484375 0.034375
88 0.1828125 0.5875 0.04375 0.034375
88 0.1859375 0.5359375 0.0484375 0.0328125
88 0.178125 0.13125 0.0296875 0.0109375
88 0.1890625 0.4859375 0.0515625 0.034375
88 0.190625 0.5109375 0.0421875 0.0390625
88 0.19375 0.4 0.04375 0.0328125
88 0.1984375 0.3734375 0.04375 0.034375
88 0.2 0.353125 0.04375 0.0375
88 0.203125 0.33125 0.04375 0.03125
88 0.2046875 0.30625 0.040625 0.034375
88 0.2109375 0.2078125 0.0375 0.0328125
88 0.2125 0.2265625 0.0390625 0.0328125
88 0.215625 0.1890625 0.0375 0.03125
88 0.215625 0.16875 0.0375 0.0375
88 0.2171875 0.1484375 0.0390625 0.034375
88 0.2296875 0.8265625 0.0375 0.0265625
88 0.2296875 0.7703125 0.03125 0.0265625
88 0.2359375 0.715625 0.0375 0.0203125
88 0.23125 0.796875 0.028125 0.0234375
88 0.2359375 0.6921875 0.0359375 0.0265625
88 0.234375 0.7421875 0.03125 0.0203125
88 0.2390625 0.5984375 0.028125 0.028125
88 0.240625 0.5734375 0.03125 0.03125
88 0.240625 0.6296875 0.03125 0.028125
88 0.24375 0.55 0.028125 0.0265625
88 0.24375 0.5265625 0.0265625 0.028125
88 0.2453125 0.503125 0.0296875 0.0234375
88 0.25 0.4171875 0.0359375 0.0296875
88 0.2515625 0.371875 0.0265625 0.028125
88 0.253125 0.3484375 0.028125 0.0234375
88 0.253125 0.396875 0.03125 0.03125
88 0.2546875 0.3296875 0.03125 0.0296875
88 0.2609375 0.253125 0.0265625 0.025
88 0.2640625 0.234375 0.0296875 0.0328125
88 0.2671875 0.196875 0.034375 0.0265625
88 0.265625 0.2171875 0.0265625 0.03125
88 0.26875 0.171875 0.03125 0.0328125
