82 0.540625 0.7109375 0.1171875 0.21875
82 0.14375 0.6296875 0.0671875 0.0546875
82 0.20625 0.765625 0.1453125 0.134375
82 0.296875 0.61875 0.0359375 0.059375
82 0.4125 0.7546875 0.171875 0.15625
82 0.35625 0.5890625 0.034375 0.0453125
82 0.44375 0.60625 0.0375 0.0453125
82 0.4984375 0.6078125 0.0359375 0.05625
82 0.603125 0.5734375 0.0265625 0.034375
82 0.64375 0.5953125 0.05 0.0546875
82 0.7421875 0.740625 0.140625 0.184375
82 0.8296875 0.7109375 0.0796875 0.1828125
82 0.828125 0.55625 0.025 0.0515625
82 0.859375 0.5625 0.0234375 0.0484375
82 0.903125 0.671875 0.0953125 0.1328125
