86 0.6078125 0.6453125 0.26875 0.3578125
86 0.08125 0.38125 0.0609375 0.0859375
86 0.134375 0.4109375 0.078125 0.11875
86 0.178125 0.43125 0.09375 0.1140625
86 0.159375 0.35 0.046875 0.0265625
86 0.2140625 0.453125 0.096875 0.15625
86 0.2046875 0.3953125 0.0609375 0.0875
86 0.2703125 0.4234375 0.0859375 0.103125
86 0.315625 0.4984375 0.1234375 0.1734375
86 0.3984375 0.5859375 0.203125 0.221875
86 0.421875 0.465625 0.0875 0.1125
86 0.7921875 0.6125 0.2328125 0.2734375
86 0.93125 0.8421875 0.1375 0.0640625
