88 0.225 0.6703125 0.121875 0.0734375
88 0.221875 0.340625 0.1078125 0.0828125
88 0.228125 0.253125 0.1171875 0.0890625
88 0.2328125 0.75 0.125 0.0546875
88 0.225 0.5875 0.109375 0.0609375
88 0.24375 0.81875 0.1390625 0.05
88 0.234375 0.41875 0.1 0.0796875
88 0.234375 0.50625 0.09375 0.0703125
88 0.3734375 0.8296875 0.128125 0.071875
88 0.375 0.5859375 0.1296875 0.0671875
88 0.3609375 0.74375 0.0921875 0.065625
88 0.3875 0.6578125 0.14375 0.0765625
88 0.384375 0.2296875 0.134375 0.1015625
88 0.3875 0.3203125 0.140625 0.0734375
88 0.3875 0.4125 0.1390625 0.0734375
88 0.39375 0.496875 0.1375 0.0859375
88 0.56875 0.49375 0.2 0.0921875
88 0.5375 0.5828125 0.1234375 0.11875
88 0.565625 0.3140625 0.1796875 0.09375
88 0.515625 0.675 0.0765625 0.0625
88 0.5734375 0.2078125 0.1890625 0.1125
88 0.5625 0.3984375 0.1640625 0.0796875
88 0.75625 0.1953125 0.1796875 0.15625
88 0.7578125 0.31875 0.15625 0.096875
88 0.80625 0.409375 0.0609375 0.096875
