86 0.6859375 0.5625 0.125 0.2609375
86 0.065625 0.4890625 0.109375 0.1203125
86 0.1984375 0.8390625 0.290625 0.0703125
86 0.178125 0.553125 0.125 0.19375
86 0.209375 0.5328125 0.115625 0.1703125
86 0.29375 0.6453125 0.16875 0.1265625
86 0.246875 0.4484375 0.0265625 0.046875
86 0.2703125 0.4484375 0.0328125 0.0453125
86 0.321875 0.5390625 0.1015625 0.19375
86 0.375 0.55625 0.115625 0.1984375
86 0.446875 0.49375 0.075 0.146875
86 0.51875 0.628125 0.1546875 0.1375
86 0.5953125 0.825 0.284375 0.0984375
86 0.5734375 0.5453125 0.1296875 0.1890625
86 0.6375 0.465625 0.0296875 0.053125
