88 0.059375 0.359375 0.0453125 0.0546875
88 0.1265625 0.3546875 0.0859375 0.03125
88 0.128125 0.396875 0.0875 0.03125
88 0.1421875 0.4375 0.059375 0.053125
88 0.1421875 0.48125 0.059375 0.05
88 0.14375 0.5265625 0.05625 0.0484375
88 0.1765625 0.5296875 0.0171875 0.0453125
88 0.178125 0.4859375 0.0171875 0.0484375
88 0.1828125 0.44375 0.01875 0.0421875
88 0.1796875 0.3984375 0.0125 0.040625
88 0.2359375 0.484375 0.0296875 0.0390625
88 0.2390625 0.4453125 0.0265625 0.0375
88 0.2421875 0.4015625 0.034375 0.04375
88 0.2421875 0.3609375 0.028125 0.03125
88 0.3203125 0.4453125 0.0359375 0.0453125
88 0.315625 0.515625 0.025 0.01875
88 0.3171875 0.490625 0.0265625 0.0515625
88 0.321875 0.3984375 0.034375 0.053125
88 0.3234375 0.3609375 0.0359375 0.028125
88 0.3421875 0.5234375 0.03125 0.0234375
88 0.35 0.4921875 0.0421875 0.05625
88 0.3484375 0.446875 0.03125 0.0484375
88 0.353125 0.359375 0.0390625 0.0265625
88 0.35625 0.3984375 0.0359375 0.040625
88 0.378125 0.5265625 0.0375 0.0265625
88 0.384375 0.3859375 0.0453125 0.05
88 0.3828125 0.3453125 0.0375 0.0390625
88 0.38125 0.4421875 0.034375 0.0578125
88 0.384375 0.49375 0.0375 0.046875
88 0.4265625 0.3296875 0.05625 0.040625
88 0.421875 0.5359375 0.040625 0.03125
88 0.4234375 0.4390625 0.0453125 0.0609375
88 0.425 0.4984375 0.04375 0.05625
88 0.4296875 0.3796875 0.05 0.0625
88 0.471875 0.5046875 0.0578125 0.065625
88 0.46875 0.5421875 0.046875 0.0328125
88 0.478125 0.3734375 0.0625 0.0625
88 0.4796875 0.4375 0.059375 0.0671875
88 0.48125 0.3125 0.0578125 0.0484375
88 0.5484375 0.4328125 0.084375 0.065625
88 0.553125 0.353125 0.0828125 0.1
88 0.55 0.2953125 0.0703125 0.0546875
88 0.9546875 0.428125 0.0875 0.13125
88 0.9578125 0.2828125 0.08125 0.1515625
