85 0.0078125 0.465625 0.015625 0.053125
85 0.015625 0.465625 0.0296875 0.0609375
85 0.0875 0.73125 0.16875 0.203125
85 0.046875 0.4890625 0.05 0.0265625
85 0.0515625 0.459375 0.0609375 0.046875
85 0.0546875 0.4921875 0.0625 0.090625
85 0.0484375 0.51875 0.046875 0.028125
85 0.1015625 0.521875 0.0484375 0.025
85 0.109375 0.496875 0.0625 0.078125
85 0.10625 0.4984375 0.046875 0.03125
85 0.109375 0.4734375 0.04375 0.034375
85 0.140625 0.53125 0.034375 0.015625
85 0.146875 0.515625 0.04375 0.0171875
85 0.1484375 0.4984375 0.0390625 0.015625
85 0.1578125 0.4953125 0.0546875 0.071875
85 0.153125 0.4734375 0.0390625 0.034375
85 0.253125 0.5375 0.1203125 0.0875
85 0.2875 0.5015625 0.1484375 0.1015625
85 0.334375 0.525 0.0703125 0.0515625
85 0.3796875 0.528125 0.0578125 0.0515625
85 0.3984375 0.53125 0.0578125 0.065625
85 0.7828125 0.553125 0.20625 0.078125
85 0.7078125 0.4921875 0.046875 0.08125
85 0.7671875 0.4890625 0.0640625 0.0765625
85 0.8265625 0.484375 0.05625 0.0859375
85 0.9171875 0.5296875 0.0578125 0.0625
