86 0.4171875 0.7671875 0.2296875 0.215625
86 0.03125 0.83125 0.0609375 0.0859375
86 0.09375 0.725 0.1875 0.2984375
86 0.1515625 0.521875 0.071875 0.146875
86 0.2046875 0.5625 0.1078125 0.1671875
86 0.1890625 0.4625 0.025 0.0421875
86 0.2921875 0.5453125 0.0703125 0.090625
86 0.3875 0.5 0.0734375 0.0640625
86 0.39375 0.4609375 0.04375 0.053125
86 0.496875 0.5875 0.15 0.1859375
86 0.471875 0.4375 0.034375 0.0359375
86 0.5421875 0.55 0.0375 0.06875
86 0.565625 0.5046875 0.04375 0.0734375
86 0.6578125 0.609375 0.103125 0.1671875
86 0.746875 0.7609375 0.2671875 0.225
86 0.73125 0.5078125 0.05 0.115625
86 0.7796875 0.625 0.078125 0.1125
86 0.8515625 0.5015625 0.075 0.109375
86 0.8859375 0.675 0.1171875 0.159375
86 0.96875 0.525 0.0578125 0.125
86 0.978125 0.646875 0.0421875 0.0671875
