86 0.725 0.7203125 0.221875 0.240625
86 0.025 0.5625 0.05 0.065625
86 0.025 0.6546875 0.05 0.146875
86 0.0953125 0.6796875 0.1671875 0.1859375
86 0.175 0.778125 0.253125 0.1546875
86 0.1921875 0.6046875 0.0875 0.128125
86 0.2625 0.6140625 0.0984375 0.1421875
86 0.3625 0.7921875 0.284375 0.128125
86 0.396875 0.6921875 0.1671875 0.15
86 0.5640625 0.8046875 0.275 0.103125
86 0.4953125 0.5953125 0.1203125 0.084375
86 0.5609375 0.728125 0.190625 0.196875
86 0.5796875 0.6234375 0.109375 0.125
86 0.8546875 0.68125 0.1421875 0.2109375
