86 0.0359375 0.6546875 0.05625 0.05625
86 0.05625 0.69375 0.08125 0.015625
86 0.08125 0.78125 0.1109375 0.1
86 0.0546875 0.6109375 0.040625 0.009375
86 0.084375 0.6828125 0.0765625 0.0328125
86 0.065625 0.6421875 0.0296875 0.04375
86 0.153125 0.653125 0.059375 0.0109375
86 0.16875 0.7125 0.090625 0.0515625
86 0.1890625 0.734375 0.103125 0.13125
86 0.171875 0.64375 0.0515625 0.0140625
86 0.2203125 0.6796875 0.06875 0.071875
86 0.2140625 0.6296875 0.0421875 0.0140625
86 0.2328125 0.6203125 0.046875 0.0140625
86 0.2921875 0.81875 0.1625 0.0234375
86 0.2828125 0.7703125 0.128125 0.06875
86 0.2640625 0.6109375 0.0453125 0.009375
86 0.2703125 0.6609375 0.0515625 0.075
86 0.29375 0.6546875 0.05625 0.075
86 0.3296875 0.753125 0.0953125 0.1171875
86 0.3609375 0.728125 0.0734375 0.1203125
86 0.36875 0.65 0.071875 0.00625
86 0.415625 0.784375 0.128125 0.0921875
86 0.4484375 0.7484375 0.1046875 0.1078125
86 0.45 0.6875 0.0828125 0.0265625
86 0.5015625 0.825 0.153125 0.0125
86 0.4609375 0.6515625 0.0671875 0.0046875
86 0.8109375 0.715625 0.0640625 0.128125
86 0.8515625 0.746875 0.09375 0.14375
86 0.8875 0.7015625 0.0609375 0.1015625
86 0.925 0.75625 0.0859375 0.1484375
86 0.9390625 0.728125 0.0796875 0.115625
86 0.9578125 0.78125 0.08125 0.1
