86 0.63125 0.690625 0.1234375 0.1625
86 0.475 0.684375 0.9171875 0.296875
86 0.0359375 0.5671875 0.0234375 0.028125
86 0.0515625 0.5734375 0.025 0.0390625
86 0.06875 0.5703125 0.021875 0.0296875
86 0.0953125 0.578125 0.03125 0.0375
86 0.1125 0.5890625 0.03125 0.04375
86 0.1484375 0.5921875 0.053125 0.0515625
86 0.2171875 0.6046875 0.0546875 0.0625
86 0.2765625 0.621875 0.0625 0.0734375
86 0.3703125 0.6546875 0.059375 0.109375
86 0.4203125 0.69375 0.1015625 0.1484375
86 0.4984375 0.7484375 0.134375 0.1671875
86 0.4578125 0.58125 0.0484375 0.04375
86 0.565625 0.6625 0.0421875 0.1140625
86 0.6265625 0.5953125 0.046875 0.05625
86 0.6953125 0.603125 0.0484375 0.06875
86 0.7640625 0.6125 0.078125 0.084375
86 0.9 0.63125 0.0640625 0.0828125
