86 0.009375 0.6375 0.01875 0.015625
86 0.0296875 0.715625 0.0578125 0.1078125
86 0.03125 0.765625 0.0625 0.1359375
86 0.06875 0.6359375 0.025 0.0140625
86 0.0671875 0.6453125 0.0171875 0.0125
86 0.1140625 0.7625 0.0890625 0.140625
86 0.1421875 0.6359375 0.028125 0.015625
86 0.15 0.6203125 0.028125 0.0109375
86 0.203125 0.765625 0.0953125 0.134375
86 0.25625 0.7234375 0.08125 0.1171875
86 0.2703125 0.6328125 0.0265625 0.028125
86 0.28125 0.6546875 0.0171875 0.03125
86 0.375 0.653125 0.0625 0.0796875
86 0.3875 0.6984375 0.053125 0.1015625
86 0.4 0.66875 0.0546875 0.0828125
86 0.4296875 0.71875 0.0609375 0.1171875
86 0.4234375 0.6265625 0.0375 0.015625
86 0.46875 0.7546875 0.0875 0.146875
86 0.5 0.71875 0.0703125 0.1140625
86 0.5484375 0.753125 0.0921875 0.146875
86 0.5515625 0.621875 0.028125 0.0125
86 0.55625 0.634375 0.025 0.009375
86 0.6203125 0.746875 0.0953125 0.1390625
86 0.6 0.634375 0.028125 0.009375
86 0.628125 0.7140625 0.084375 0.115625
86 0.6828125 0.74375 0.1 0.128125
86 0.6765625 0.6328125 0.0421875 0.0359375
86 0.75625 0.7421875 0.096875 0.1296875
86 0.7953125 0.6734375 0.0359375 0.078125
86 0.80625 0.6359375 0.028125 0.025
86 0.8203125 0.6953125 0.0203125 0.0734375
86 0.88125 0.709375 0.0921875 0.1453125
86 0.9546875 0.7421875 0.05625 0.0859375
