88 0.2640625 0.4578125 0.2234375 0.4296875
88 0.059375 0.603125 0.11875 0.1546875
88 0.0625 0.475 0.125 0.18125
88 0.065625 0.3453125 0.13125 0.2015625
88 0.065625 0.759375 0.13125 0.228125
88 0.0734375 0.2484375 0.146875 0.1671875
88 0.2828125 0.78125 0.2734375 0.184375
88 0.5171875 0.609375 0.284375 0.1125
88 0.5171875 0.7046875 0.284375 0.1125
88 0.5203125 0.3203125 0.284375 0.11875
88 0.5234375 0.4109375 0.2890625 0.0984375
88 0.525 0.503125 0.2859375 0.1015625
88 0.54375 0.809375 0.2734375 0.128125
88 0.7765625 0.309375 0.2265625 0.1125
88 0.7921875 0.40625 0.2140625 0.1328125
88 0.796875 0.8078125 0.225 0.1328125
88 0.790625 0.5140625 0.1984375 0.1171875
88 0.7953125 0.6 0.203125 0.1265625
88 0.8015625 0.7 0.203125 0.1203125
88 0.971875 0.5171875 0.0546875 0.5125
