86 0.2015625 0.796875 0.33125 0.359375
86 0.009375 0.4453125 0.01875 0.078125
86 0.084375 0.49375 0.0984375 0.159375
86 0.1796875 0.6203125 0.1578125 0.29375
86 0.1390625 0.4609375 0.0640625 0.1109375
86 0.184375 0.45625 0.0546875 0.096875
86 0.2828125 0.925 0.2109375 0.146875
86 0.2453125 0.540625 0.121875 0.1890625
86 0.278125 0.6375 0.1796875 0.3234375
86 0.2890625 0.534375 0.103125 0.1921875
86 0.3234375 0.51875 0.078125 0.1546875
86 0.353125 0.428125 0.046875 0.0421875
86 0.4328125 0.6234375 0.1875 0.3171875
86 0.390625 0.425 0.0328125 0.0359375
86 0.4625 0.465625 0.078125 0.05
86 0.453125 0.4078125 0.040625 0.009375
86 0.4734375 0.4296875 0.0609375 0.0265625
86 0.5296875 0.5375 0.0640625 0.1515625
86 0.5453125 0.434375 0.071875 0.0296875
86 0.5625 0.5265625 0.053125 0.1671875
86 0.71875 0.4578125 0.0515625 0.109375
86 0.778125 0.459375 0.05 0.1140625
86 0.8484375 0.4609375 0.0515625 0.1015625
86 0.9265625 0.571875 0.1125 0.24375
86 0.896875 0.4671875 0.0484375 0.1078125
86 0.9421875 0.45 0.0421875 0.071875
86 0.9625 0.675 0.071875 0.375
86 0.98125 0.428125 0.03125 0.028125
