86 0.5546875 0.621875 0.103125 0.159375
86 0.1484375 0.7296875 0.296875 0.20625
86 0.05625 0.5953125 0.078125 0.0875
86 0.1265625 0.596875 0.0953125 0.09375
86 0.146875 0.5375 0.0546875 0.034375
86 0.1984375 0.6 0.0859375 0.1
86 0.1953125 0.515625 0.034375 0.015625
86 0.2046875 0.5453125 0.053125 0.04375
86 0.2171875 0.503125 0.028125 0.0125
86 0.2703125 0.6015625 0.0828125 0.0921875
86 0.26875 0.5484375 0.078125 0.0328125
86 0.2703125 0.4953125 0.021875 0.0125
86 0.353125 0.621875 0.1046875 0.128125
86 0.334375 0.54375 0.0625 0.0328125
86 0.415625 0.58125 0.0703125 0.1
86 0.4078125 0.521875 0.021875 0.01875
86 0.4578125 0.5328125 0.046875 0.034375
86 0.4671875 0.5140625 0.040625 0.01875
86 0.4828125 0.5796875 0.06875 0.0953125
86 0.5109375 0.528125 0.040625 0.0296875
86 0.525 0.5109375 0.0359375 0.0078125
86 0.5515625 0.553125 0.0640625 0.034375
86 0.54375 0.4953125 0.0171875 0.0171875
86 0.609375 0.559375 0.0515625 0.05
86 0.625 0.6390625 0.078125 0.1421875
86 0.61875 0.5171875 0.0390625 0.0265625
86 0.640625 0.528125 0.0484375 0.015625
86 0.6453125 0.50625 0.0171875 0.021875
86 0.6484375 0.553125 0.015625 0.0390625
86 0.7046875 0.6484375 0.10625 0.15625
86 0.75 0.50625 0.01875 0.0109375
86 0.796875 0.6515625 0.0921875 0.15
86 0.796875 0.5328125 0.046875 0.021875
86 0.890625 0.746875 0.2171875 0.1734375
86 0.878125 0.65 0.090625 0.153125
86 0.94375 0.65 0.109375 0.0671875
86 0.9421875 0.58125 0.053125 0.078125
86 0.975 0.58125 0.046875 0.075
