86 0.70625 0.8890625 0.265625 0.20625
86 0.171875 0.784375 0.09375 0.2984375
86 0.1828125 0.653125 0.1140625 0.2375
86 0.3359375 0.7640625 0.2390625 0.346875
86 0.328125 0.6125 0.1796875 0.175
86 0.3078125 0.4484375 0.0875 0.103125
86 0.4296875 0.8453125 0.2875 0.3078125
86 0.503125 0.628125 0.1609375 0.2234375
86 0.55625 0.7421875 0.2109375 0.3328125
86 0.759375 0.4546875 0.0875 0.1
86 0.79375 0.4640625 0.0890625 0.10625
86 0.8265625 0.63125 0.096875 0.2234375
86 0.8359375 0.446875 0.0765625 0.13125
