86 0.0359375 0.4125 0.025 0.04375
86 0.0625 0.4234375 0.034375 0.059375
86 0.09375 0.440625 0.04375 0.065625
86 0.1515625 0.459375 0.0453125 0.0796875
86 0.16875 0.4796875 0.0484375 0.09375
86 0.2140625 0.5296875 0.0875 0.115625
86 0.1984375 0.4578125 0.03125 0.034375
86 0.35 0.515625 0.0703125 0.1
86 0.3734375 0.6 0.1125 0.1796875
86 0.453125 0.55 0.06875 0.1265625
86 0.45 0.4828125 0.05 0.0625
86 0.4921875 0.471875 0.04375 0.0875
86 0.621875 0.715625 0.1203125 0.234375
86 0.61875 0.48125 0.04375 0.0390625
86 0.7859375 0.7046875 0.1484375 0.14375
86 0.890625 0.59375 0.1015625 0.1125
