82 0.0328125 0.64375 0.065625 0.1109375
82 0.0578125 0.740625 0.115625 0.2125
82 0.0890625 0.659375 0.1140625 0.153125
82 0.178125 0.6484375 0.1140625 0.109375
82 0.259375 0.665625 0.10625 0.15
82 0.6671875 0.66875 0.1 0.159375
82 0.7515625 0.7578125 0.1609375 0.2296875
82 0.7609375 0.653125 0.078125 0.11875
82 0.8765625 0.7609375 0.1671875 0.225
82 0.85 0.65625 0.1109375 0.1203125
82 0.93125 0.659375 0.1125 0.128125
82 0.95625 0.759375 0.084375 0.225
82 0.9828125 0.65 0.0328125 0.10625
