88 0.2125 0.390625 0.103125 0.19375
88 0.246875 0.4171875 0.171875 0.1984375
88 0.196875 0.534375 0.0625 0.0921875
88 0.2234375 0.6359375 0.06875 0.0859375
88 0.2359375 0.5546875 0.096875 0.0890625
88 0.253125 0.2875 0.090625 0.0890625
88 0.246875 0.715625 0.0734375 0.1125
88 0.2625 0.6453125 0.1046875 0.0796875
88 0.309375 0.44375 0.171875 0.1890625
88 0.2875 0.234375 0.096875 0.065625
88 0.303125 0.7390625 0.1046875 0.0984375
88 0.303125 0.5875 0.1015625 0.09375
88 0.315625 0.309375 0.0921875 0.08125
88 0.325 0.190625 0.090625 0.0609375
88 0.3375 0.6734375 0.109375 0.0921875
88 0.3671875 0.4640625 0.165625 0.1921875
88 0.34375 0.25625 0.0953125 0.0734375
88 0.35625 0.615625 0.10625 0.0890625
88 0.3703125 0.759375 0.109375 0.075
88 0.378125 0.3328125 0.09375 0.078125
88 0.365625 0.1546875 0.05625 0.0234375
88 0.3828125 0.2 0.0921875 0.065625
88 0.3984375 0.7078125 0.1046875 0.0875
88 0.434375 0.4890625 0.1671875 0.203125
88 0.4078125 0.28125 0.0921875 0.0796875
88 0.4125 0.165625 0.0796875 0.0546875
88 0.43125 0.64375 0.0921875 0.0859375
88 0.4328125 0.359375 0.084375 0.0796875
88 0.4375 0.2296875 0.0875 0.0765625
88 0.46875 0.7328125 0.1078125 0.078125
88 0.496875 0.515625 0.1578125 0.18125
88 0.46875 0.3046875 0.0921875 0.0765625
88 0.4734375 0.18125 0.0859375 0.06875
88 0.4984375 0.3875 0.1046875 0.0859375
88 0.5 0.6796875 0.103125 0.0921875
88 0.5 0.253125 0.096875 0.078125
88 0.5609375 0.546875 0.1625 0.190625
88 0.5296875 0.328125 0.0953125 0.08125
88 0.5625 0.7015625 0.0984375 0.075
88 0.5640625 0.4078125 0.0984375 0.0859375
88 0.5609375 0.2765625 0.0890625 0.08125
88 0.5921875 0.353125 0.090625 0.0875
88 0.6296875 0.58125 0.1484375 0.1875
88 0.61875 0.30625 0.0953125 0.075
88 0.6265625 0.4421875 0.096875 0.090625
88 0.653125 0.384375 0.0953125 0.09375
88 0.69375 0.6078125 0.1546875 0.184375
88 0.6890625 0.4734375 0.0953125 0.0859375
88 0.709375 0.28125 0.0828125 0.0734375
88 0.715625 0.4109375 0.09375 0.084375
88 0.759375 0.5 0.096875 0.084375
88 0.7703125 0.30625 0.090625 0.075
88 0.76875 0.584375 0.075 0.0890625
88 0.7859375 0.4421875 0.0921875 0.0875
88 0.8109375 0.3859375 0.08125 0.084375
88 0.8078125 0.525 0.071875 0.0625
88 0.8234375 0.3375 0.0609375 0.05625
88 0.8296875 0.4671875 0.065625 0.071875
88 0.8453125 0.4109375 0.028125 0.053125
