84 0.1203125 0.3390625 0.240625 0.2953125
84 0.1578125 0.4625 0.2484375 0.2484375
84 0.165625 0.6609375 0.2640625 0.25
84 0.2921875 0.3703125 0.103125 0.1453125
84 0.3953125 0.3640625 0.1296875 0.109375
84 0.4765625 0.2890625 0.2375 0.146875
84 0.5609375 0.7671875 0.34375 0.2125
84 0.5953125 0.5390625 0.39375 0.3515625
84 0.5328125 0.3390625 0.11875 0.059375
84 0.721875 0.35 0.1359375 0.078125
84 0.8375 0.3140625 0.3234375 0.128125
84 0.8609375 0.76875 0.278125 0.209375
84 0.8828125 0.5625 0.23125 0.36875
