86 0.0546875 0.609375 0.075 0.0671875
86 0.1453125 0.596875 0.090625 0.10625
86 0.359375 0.6578125 0.1125 0.1578125
86 0.4078125 0.6296875 0.1140625 0.1453125
86 0.38125 0.5265625 0.0328125 0.0140625
86 0.4765625 0.51875 0.0203125 0.00625
86 0.5203125 0.6046875 0.0953125 0.1171875
86 0.5125 0.521875 0.0375 0.021875
86 0.515625 0.5390625 0.0328125 0.0375
86 0.5421875 0.5125 0.0296875 0.0125
86 0.6265625 0.5671875 0.0515625 0.08125
86 0.6921875 0.696875 0.153125 0.1921875
86 0.6625 0.640625 0.059375 0.140625
86 0.671875 0.5078125 0.01875 0.0203125
86 0.6765625 0.5265625 0.0109375 0.0140625
86 0.684375 0.5046875 0.021875 0.0171875
86 0.76875 0.75625 0.1875 0.2359375
86 0.8765625 0.778125 0.24375 0.19375
86 0.80625 0.6421875 0.0921875 0.1421875
86 0.784375 0.51875 0.0265625 0.021875
86 0.8875 0.653125 0.1375 0.1171875
86 0.840625 0.5109375 0.03125 0.0171875
86 0.8359375 0.5296875 0.0125 0.021875
86 0.840625 0.5203125 0.0140625 0.0109375
86 0.8671875 0.5078125 0.0328125 0.0140625
86 0.9328125 0.7109375 0.1328125 0.1609375
86 0.884375 0.5046875 0.0296875 0.0140625
86 0.9046875 0.54375 0.0421875 0.0578125
86 0.9125 0.5265625 0.0453125 0.0375
86 0.925 0.5125 0.0546875 0.03125
86 0.928125 0.534375 0.0390625 0.0296875
86 0.965625 0.603125 0.06875 0.09375
