86 0.00625 0.590625 0.0125 0.021875
86 0.0421875 0.6234375 0.084375 0.0609375
86 0.046875 0.703125 0.0921875 0.178125
86 0.096875 0.8140625 0.1921875 0.0390625
86 0.0828125 0.73125 0.15 0.2046875
86 0.0625 0.5875 0.071875 0.015625
86 0.140625 0.6375 0.075 0.109375
86 0.1953125 0.6375 0.078125 0.109375
86 0.26875 0.6328125 0.0828125 0.10625
86 0.3265625 0.6734375 0.0859375 0.1515625
86 0.3296875 0.609375 0.0453125 0.0671875
86 0.3625 0.6875 0.0859375 0.159375
86 0.3984375 0.6609375 0.065625 0.1359375
86 0.4625 0.675 0.0953125 0.1421875
86 0.5671875 0.7703125 0.128125 0.125
86 0.5671875 0.6171875 0.0703125 0.09375
86 0.5921875 0.6140625 0.065625 0.0921875
86 0.6390625 0.6265625 0.06875 0.1
86 0.69375 0.7984375 0.1578125 0.0703125
86 0.675 0.6203125 0.0671875 0.0875
86 0.7453125 0.7015625 0.1171875 0.0625
86 0.76875 0.6328125 0.075 0.1015625
86 0.7859375 0.6328125 0.0640625 0.1046875
86 0.890625 0.6859375 0.115625 0.109375
86 0.9265625 0.725 0.1296875 0.08125
86 0.90625 0.6140625 0.0421875 0.0421875
86 0.94375 0.63125 0.0859375 0.034375
86 0.9359375 0.6046875 0.025 0.028125
86 0.9703125 0.678125 0.0578125 0.0671875
