86 0.1390625 0.7703125 0.2765625 0.209375
86 0.0578125 0.5265625 0.071875 0.0890625
86 0.0796875 0.490625 0.0640625 0.0484375
86 0.18125 0.4796875 0.05 0.0453125
86 0.259375 0.6671875 0.19375 0.159375
86 0.196875 0.4703125 0.0140625 0.04375
86 0.3234375 0.4796875 0.0421875 0.0609375
86 0.3390625 0.4640625 0.034375 0.0515625
86 0.534375 0.528125 0.1234375 0.1828125
86 0.571875 0.6640625 0.1875 0.1765625
86 0.6140625 0.7546875 0.2640625 0.2390625
86 0.9328125 0.6203125 0.128125 0.1828125
