86 0.815625 0.709375 0.18125 0.23125
86 0.5 0.4921875 0.9984375 0.075
86 0.0171875 0.5046875 0.0265625 0.028125
86 0.0328125 0.509375 0.01875 0.0375
86 0.08125 0.56875 0.090625 0.1125
86 0.04375 0.4984375 0.015625 0.0171875
86 0.109375 0.571875 0.071875 0.1125
86 0.153125 0.5765625 0.09375 0.128125
86 0.1953125 0.590625 0.1046875 0.140625
86 0.2359375 0.5984375 0.1125 0.146875
86 0.2265625 0.5140625 0.0296875 0.0125
86 0.28125 0.6140625 0.1265625 0.1625
86 0.334375 0.625 0.1359375 0.1859375
86 0.284375 0.515625 0.0171875 0.01875
86 0.3171875 0.53125 0.040625 0.0359375
86 0.4046875 0.6375 0.140625 0.190625
86 0.3640625 0.528125 0.05 0.034375
86 0.4078125 0.534375 0.040625 0.034375
86 0.478125 0.6578125 0.171875 0.2109375
86 0.56875 0.678125 0.175 0.2296875
86 0.50625 0.5390625 0.0265625 0.0296875
86 0.51875 0.5171875 0.0515625 0.0375
86 0.5578125 0.553125 0.078125 0.0484375
86 0.690625 0.7046875 0.209375 0.2578125
86 0.65 0.553125 0.1015625 0.0390625
86 0.715625 0.515625 0.0578125 0.034375
86 0.80625 0.509375 0.0359375 0.028125
86 0.8140625 0.496875 0.0421875 0.0125
86 0.875 0.6109375 0.1296875 0.121875
86 0.8390625 0.5359375 0.046875 0.0375
86 0.865625 0.528125 0.071875 0.0484375
86 0.9234375 0.5515625 0.0859375 0.0609375
86 0.9421875 0.7203125 0.1140625 0.225
86 0.9796875 0.503125 0.0375 0.0234375
