86 0.05 0.55625 0.0640625 0.14375
86 0.1453125 0.646875 0.2 0.246875
86 0.24375 0.5 0.053125 0.0421875
86 0.33125 0.5015625 0.0421875 0.0546875
86 0.45625 0.684375 0.271875 0.296875
86 0.375 0.5109375 0.01875 0.0390625
86 0.5421875 0.4859375 0.03125 0.0109375
86 0.5578125 0.5015625 0.0421875 0.0234375
86 0.703125 0.66875 0.2953125 0.328125
86 0.590625 0.4953125 0.0390625 0.0296875
86 0.6171875 0.5 0.0390625 0.0171875
86 0.665625 0.496875 0.04375 0.0296875
86 0.809375 0.55 0.046875 0.1328125
86 0.8671875 0.5609375 0.0734375 0.1578125
86 0.91875 0.565625 0.0828125 0.1390625
86 0.9421875 0.68125 0.1125 0.3046875
86 0.959375 0.5671875 0.0796875 0.1578125
