86 0.8984375 0.7125 0.1515625 0.2359375
86 0.04375 0.7953125 0.0875 0.0765625
86 0.3375 0.7921875 0.24375 0.0828125
86 0.3140625 0.6453125 0.15625 0.04375
86 0.415625 0.459375 0.021875 0.0453125
86 0.540625 0.66875 0.1578125 0.1296875
86 0.4859375 0.4703125 0.0203125 0.0328125
86 0.5578125 0.7796875 0.159375 0.10625
86 0.575 0.5078125 0.05625 0.046875
86 0.6359375 0.5640625 0.0609375 0.0953125
86 0.7015625 0.603125 0.15 0.1015625
86 0.675 0.4921875 0.04375 0.0140625
86 0.9421875 0.778125 0.1140625 0.109375
86 0.928125 0.5171875 0.0234375 0.0140625
86 0.9765625 0.825 0.0453125 0.0171875
