86 0.525 0.7328125 0.334375 0.2
86 0.0375 0.4828125 0.075 0.190625
86 0.0484375 0.4203125 0.0953125 0.1578125
86 0.1890625 0.6828125 0.3453125 0.3015625
86 0.090625 0.5 0.096875 0.20625
86 0.0875 0.3375 0.0328125 0.06875
86 0.1875 0.303125 0.096875 0.059375
86 0.19375 0.3203125 0.05625 0.078125
86 0.3875 0.5140625 0.1921875 0.2359375
86 0.371875 0.3546875 0.0546875 0.09375
86 0.3890625 0.2640625 0.05 0.0421875
86 0.4203125 0.371875 0.078125 0.0625
86 0.403125 0.2578125 0.040625 0.0546875
86 0.459375 0.225 0.0484375 0.0203125
86 0.5078125 0.434375 0.078125 0.1609375
86 0.653125 0.640625 0.2609375 0.3859375
86 0.5921875 0.3484375 0.0859375 0.15
86 0.64375 0.4015625 0.140625 0.1703125
86 0.6984375 0.271875 0.0421875 0.084375
86 0.7046875 0.4109375 0.03125 0.165625
86 0.921875 0.771875 0.1546875 0.1234375
