88 0.3015625 0.40625 0.078125 0.025
88 0.303125 0.4375 0.0703125 0.034375
88 0.3046875 0.38125 0.06875 0.025
88 0.303125 0.4671875 0.05625 0.0140625
88 0.3140625 0.509375 0.0734375 0.0203125
88 0.3046875 0.4859375 0.0546875 0.021875
88 0.3578125 0.434375 0.0625 0.0171875
88 0.35625 0.3828125 0.04375 0.021875
88 0.3703125 0.4640625 0.0609375 0.021875
88 0.371875 0.4859375 0.059375 0.0203125
88 0.365625 0.409375 0.04375 0.0359375
88 0.3640625 0.5046875 0.0359375 0.009375
88 0.453125 0.38125 0.05 0.025
88 0.4546875 0.4953125 0.0453125 0.03125
88 0.45625 0.4578125 0.04375 0.0328125
88 0.459375 0.425 0.040625 0.01875
88 0.46875 0.53125 0.053125 0.0375
88 0.5859375 0.38125 0.08125 0.05
88 0.590625 0.425 0.0859375 0.03125
88 0.5828125 0.4609375 0.0640625 0.046875
88 0.596875 0.5078125 0.075 0.0375
88 0.625 0.54375 0.05625 0.05
88 0.634375 0.496875 0.0390625 0.04375
88 0.640625 0.378125 0.040625 0.034375
88 0.6421875 0.4171875 0.040625 0.03125
88 0.6453125 0.4625 0.0359375 0.0421875
88 0.6640625 0.3796875 0.021875 0.0296875
88 0.6640625 0.409375 0.021875 0.0296875
88 0.6734375 0.4859375 0.0265625 0.021875
88 0.6703125 0.4484375 0.0171875 0.0375
88 0.6765625 0.5265625 0.028125 0.034375
88 0.7984375 0.5109375 0.0515625 0.04375
88 0.796875 0.41875 0.0421875 0.046875
88 0.79375 0.5578125 0.0234375 0.0375
88 0.8 0.465625 0.0375 0.0421875
88 0.8078125 0.3734375 0.0140625 0.04375
88 0.834375 0.5515625 0.0265625 0.034375
88 0.8359375 0.36875 0.0265625 0.0296875
88 0.8390625 0.4609375 0.021875 0.0390625
88 0.8421875 0.5046875 0.01875 0.034375
88 0.8625 0.4546875 0.0265625 0.0359375
88 0.8609375 0.5328125 0.015625 0.0390625
88 0.8640625 0.4953125 0.021875 0.0265625
88 0.8703125 0.3703125 0.0234375 0.0265625
88 0.890625 0.3765625 0.021875 0.040625
88 0.8921875 0.5296875 0.0234375 0.0296875
88 0.8953125 0.4421875 0.0265625 0.021875
88 0.896875 0.484375 0.0140625 0.034375
88 0.9015625 0.4046875 0.0265625 0.0390625
