89 0.15625 0.315625 0.0609375 0.0703125
89 0.159375 0.4234375 0.06875 0.0734375
89 0.159375 0.5296875 0.06875 0.065625
89 0.1640625 0.634375 0.078125 0.08125
89 0.2546875 0.4203125 0.103125 0.08125
89 0.2640625 0.334375 0.1171875 0.0703125
89 0.265625 0.5109375 0.103125 0.090625
89 0.2671875 0.6125 0.103125 0.0984375
89 0.375 0.34375 0.0828125 0.071875
89 0.3765625 0.428125 0.0828125 0.0703125
89 0.3796875 0.515625 0.0828125 0.0703125
89 0.390625 0.596875 0.09375 0.0671875
89 0.4078125 0.6703125 0.1046875 0.071875
89 0.45625 0.3578125 0.0703125 0.071875
89 0.4578125 0.4328125 0.0609375 0.0578125
89 0.45625 0.509375 0.0578125 0.0625
89 0.4625 0.575 0.0515625 0.0515625
89 0.7421875 0.421875 0.071875 0.065625
89 0.746875 0.4921875 0.0671875 0.0640625
89 0.7515625 0.56875 0.0640625 0.0671875
89 0.7515625 0.6359375 0.065625 0.0640625
89 0.8296875 0.3296875 0.0875 0.084375
89 0.8328125 0.484375 0.0828125 0.0625
89 0.8328125 0.5640625 0.0828125 0.0578125
89 0.8328125 0.4140625 0.08125 0.084375
89 0.8375 0.6359375 0.071875 0.0703125
