86 0.0609375 0.5765625 0.0484375 0.0640625
86 0.13125 0.603125 0.1015625 0.1296875
86 0.1953125 0.5203125 0.0421875 0.06875
86 0.284375 0.5625 0.08125 0.1125
86 0.3390625 0.471875 0.021875 0.0234375
86 0.3796875 0.4734375 0.021875 0.0328125
86 0.421875 0.59375 0.0984375 0.1296875
86 0.4359375 0.48125 0.0328125 0.04375
86 0.5 0.5578125 0.0796875 0.1125
86 0.5453125 0.54375 0.0546875 0.1046875
86 0.553125 0.5234375 0.0484375 0.0859375
86 0.6296875 0.51875 0.0546875 0.075
86 0.6984375 0.5265625 0.05 0.0765625
86 0.765625 0.6203125 0.1 0.1296875
86 0.8703125 0.6203125 0.121875 0.134375
86 0.9171875 0.5828125 0.078125 0.121875
