86 0.23125 0.7828125 0.203125 0.184375
86 0.1984375 0.6125 0.0328125 0.0671875
86 0.228125 0.628125 0.0609375 0.0609375
86 0.2296875 0.5546875 0.025 0.0265625
86 0.240625 0.578125 0.0453125 0.034375
86 0.2578125 0.690625 0.08125 0.1140625
86 0.428125 0.803125 0.1921875 0.1421875
86 0.4171875 0.5328125 0.015625 0.0125
86 0.428125 0.540625 0.0296875 0.0296875
86 0.5359375 0.853125 0.1296875 0.040625
86 0.5328125 0.5640625 0.04375 0.0875
86 0.6078125 0.7875 0.16875 0.1734375
86 0.5515625 0.6203125 0.0390625 0.0265625
86 0.5671875 0.525 0.034375 0.015625
86 0.6015625 0.6171875 0.0546875 0.05
86 0.70625 0.575 0.06875 0.096875
86 0.7046875 0.75 0.059375 0.2421875
86 0.7296875 0.596875 0.0734375 0.1015625
86 0.7265625 0.53125 0.05 0.0359375
86 0.7609375 0.628125 0.0953125 0.125
86 0.8375 0.8375 0.225 0.071875
86 0.8390625 0.653125 0.1125 0.1453125
86 0.9375 0.6421875 0.1015625 0.1421875
