82 0.6203125 0.5265625 0.134375 0.1234375
82 0.15 0.4 0.0546875 0.015625
82 0.20625 0.46875 0.1375 0.065625
82 0.296875 0.3984375 0.040625 0.015625
82 0.434375 0.440625 0.0671875 0.0453125
82 0.43125 0.3953125 0.0484375 0.0140625
82 0.559375 0.421875 0.0546875 0.0375
82 0.609375 0.3953125 0.0390625 0.015625
82 0.64375 0.4125 0.0359375 0.028125
82 0.703125 0.3953125 0.0375 0.015625
82 0.7125 0.4078125 0.03125 0.0265625
82 0.7328125 0.459375 0.06875 0.059375
82 0.7640625 0.403125 0.0265625 0.021875
82 0.7875 0.434375 0.0421875 0.0484375
82 0.809375 0.4015625 0.01875 0.015625
82 0.8265625 0.4203125 0.0375 0.0375
82 0.8359375 0.3953125 0.0171875 0.0140625
82 0.8640625 0.4125 0.028125 0.0328125
82 0.8953125 0.4078125 0.028125 0.0234375
82 0.9265625 0.4015625 0.021875 0.0234375
82 0.9484375 0.3984375 0.0125 0.015625
82 0.9625 0.39375 0.0140625 0.0171875
