86 0.0359375 0.6421875 0.059375 0.1328125
86 0.0609375 0.521875 0.0765625 0.0328125
86 0.128125 0.59375 0.10625 0.115625
86 0.2046875 0.7546875 0.240625 0.2375
86 0.203125 0.5421875 0.0515625 0.0828125
86 0.2359375 0.5546875 0.046875 0.0796875
86 0.2515625 0.525 0.0421875 0.065625
86 0.3390625 0.5671875 0.0984375 0.0640625
86 0.3375 0.521875 0.06875 0.0359375
86 0.4546875 0.7125 0.175 0.3046875
86 0.4 0.4953125 0.053125 0.025
86 0.44375 0.6015625 0.1140625 0.1625
86 0.471875 0.5421875 0.08125 0.115625
86 0.4953125 0.534375 0.0640625 0.078125
86 0.6 0.6453125 0.1125 0.2140625
86 0.7359375 0.51875 0.3390625 0.11875
86 0.8265625 0.69375 0.125 0.3046875
86 0.8984375 0.5703125 0.075 0.0859375
86 0.884375 0.4625 0.03125 0.0234375
86 0.9359375 0.55 0.084375 0.1046875
86 0.9515625 0.45 0.0296875 0.0203125
86 0.9703125 0.484375 0.0296875 0.040625
86 0.9875 0.4640625 0.0234375 0.04375
