88 0.0609375 0.546875 0.121875 0.06875
88 0.0671875 0.490625 0.134375 0.0671875
88 0.08125 0.4296875 0.1609375 0.0609375
88 0.090625 0.371875 0.18125 0.059375
88 0.1890625 0.55 0.146875 0.0765625
88 0.2734375 0.4859375 0.2859375 0.071875
88 0.2875 0.428125 0.2640625 0.0609375
88 0.29375 0.371875 0.2671875 0.0578125
88 0.225 0.6125 0.0921875 0.0625
88 0.34375 0.546875 0.16875 0.0609375
88 0.5046875 0.3734375 0.159375 0.0578125
88 0.54375 0.490625 0.04375 0.071875
88 0.5515625 0.43125 0.05625 0.0578125
88 0.6625 0.43125 0.1921875 0.06875
88 0.6625 0.36875 0.1859375 0.071875
88 0.675 0.565625 0.2046875 0.075
88 0.6828125 0.4984375 0.2125 0.0734375
88 0.8421875 0.3625 0.203125 0.0734375
88 0.8578125 0.434375 0.2140625 0.0734375
88 0.8546875 0.5609375 0.2015625 0.0734375
88 0.859375 0.4953125 0.209375 0.0640625
88 0.9671875 0.3640625 0.0625 0.0703125
88 0.9703125 0.4390625 0.05625 0.0640625
88 0.971875 0.58125 0.0546875 0.0609375
88 0.9734375 0.509375 0.053125 0.0796875
