86 0.025 0.7453125 0.05 0.0703125
86 0.084375 0.653125 0.1640625 0.240625
86 0.234375 0.6921875 0.221875 0.1765625
86 0.3109375 0.5609375 0.065625 0.15625
86 0.325 0.5625 0.046875 0.0234375
86 0.3375 0.65 0.0578125 0.1796875
86 0.346875 0.521875 0.034375 0.0875
86 0.36875 0.503125 0.0265625 0.053125
86 0.5984375 0.70625 0.1625 0.1484375
86 0.7203125 0.6765625 0.1 0.20625
86 0.746875 0.665625 0.0890625 0.2296875
86 0.7984375 0.5515625 0.0703125 0.096875
86 0.7953125 0.475 0.0421875 0.01875
86 0.809375 0.4953125 0.0421875 0.03125
