86 0.1265625 0.7171875 0.109375 0.134375
86 0.1328125 0.7328125 0.121875 0.0953125
86 0.184375 0.7109375 0.0828125 0.1390625
86 0.25 0.721875 0.1015625 0.128125
86 0.26875 0.7171875 0.096875 0.1328125
86 0.2546875 0.6546875 0.0390625 0.103125
86 0.3265625 0.696875 0.078125 0.11875
86 0.3859375 0.6515625 0.05 0.1
86 0.43125 0.64375 0.01875 0.040625
86 0.471875 0.7234375 0.1015625 0.1203125
86 0.471875 0.6609375 0.0546875 0.046875
86 0.5203125 0.740625 0.1140625 0.0875
86 0.625 0.7015625 0.0734375 0.128125
86 0.7015625 0.696875 0.075 0.1296875
86 0.734375 0.7109375 0.128125 0.125
86 0.7515625 0.7359375 0.1296875 0.1015625
86 0.890625 0.7234375 0.0828125 0.128125
86 0.8984375 0.6484375 0.0640625 0.0328125
