85 0.18125 0.4328125 0.340625 0.403125
85 0.075 0.4046875 0.1234375 0.3546875
85 0.1609375 0.4296875 0.103125 0.3953125
85 0.2296875 0.265625 0.0859375 0.078125
85 0.2375 0.46875 0.090625 0.3109375
85 0.30625 0.2734375 0.0734375 0.0640625
85 0.31875 0.4625 0.0875 0.3109375
85 0.6515625 0.6140625 0.4515625 0.34375
85 0.6765625 0.278125 0.4375 0.21875
85 0.49375 0.5828125 0.040625 0.1234375
85 0.5421875 0.5171875 0.0984375 0.0484375
85 0.5484375 0.59375 0.0921875 0.14375
85 0.6140625 0.5734375 0.053125 0.0890625
85 0.615625 0.646875 0.05 0.0875
85 0.6234375 0.528125 0.053125 0.046875
85 0.721875 0.63125 0.1703125 0.1703125
85 0.715625 0.7234375 0.1515625 0.0984375
85 0.828125 0.678125 0.08125 0.190625
85 0.8453125 0.5734375 0.075 0.0578125
