86 0.2359375 0.61875 0.078125 0.0234375
86 0.2484375 0.7484375 0.09375 0.1765625
86 0.384375 0.7046875 0.090625 0.175
86 0.3953125 0.565625 0.0359375 0.0671875
86 0.45 0.5828125 0.065625 0.084375
86 0.5265625 0.634375 0.078125 0.115625
86 0.54375 0.6234375 0.0375 0.1296875
86 0.5875 0.678125 0.1 0.19375
86 0.596875 0.6453125 0.065625 0.1609375
86 0.721875 0.671875 0.11875 0.1671875
86 0.7859375 0.73125 0.1328125 0.2515625
86 0.8 0.6078125 0.0453125 0.0828125
86 0.9390625 0.7796875 0.11875 0.1859375
