88 0.271875 0.1921875 0.4203125 0.13125
88 0.271875 0.2828125 0.4203125 0.140625
88 0.3171875 0.415625 0.46875 0.14375
88 0.321875 0.51875 0.465625 0.1875
88 0.33125 0.6046875 0.4484375 0.2171875
88 0.3390625 0.73125 0.440625 0.175
88 0.3625 0.725 0.4296875 0.296875
88 0.66875 0.3 0.3640625 0.078125
88 0.6609375 0.23125 0.34375 0.1046875
88 0.7015625 0.3765625 0.3703125 0.090625
88 0.71875 0.4359375 0.334375 0.13125
88 0.7203125 0.5546875 0.328125 0.175
88 0.725 0.6390625 0.2984375 0.1953125
88 0.925 0.2984375 0.1484375 0.0609375
88 0.9328125 0.5171875 0.1328125 0.1140625
88 0.9359375 0.434375 0.125 0.0703125
88 0.9375 0.3515625 0.121875 0.053125
88 0.9375 0.4671875 0.121875 0.075
88 0.940625 0.39375 0.1171875 0.0640625
