88 0.096875 0.8078125 0.0796875 0.0953125
88 0.0953125 0.4984375 0.065625 0.178125
88 0.096875 0.1828125 0.0671875 0.0796875
88 0.096875 0.3140625 0.0640625 0.1890625
88 0.0984375 0.671875 0.0625 0.1765625
88 0.2 0.3609375 0.04375 0.06875
88 0.196875 0.440625 0.0359375 0.103125
88 0.1984375 0.2421875 0.0375 0.16875
88 0.1984375 0.55 0.0375 0.1375
88 0.1984375 0.73125 0.03125 0.1796875
88 0.2078125 0.8328125 0.03125 0.0453125
88 0.2609375 0.234375 0.025 0.1515625
88 0.2609375 0.7203125 0.0171875 0.1484375
88 0.259375 0.4578125 0.0109375 0.1296875
88 0.2640625 0.3546875 0.0203125 0.0890625
88 0.2625 0.5828125 0.015625 0.1234375
88 0.296875 0.2265625 0.0125 0.1484375
88 0.303125 0.5125 0.009375 0.125
88 0.3015625 0.621875 0.0046875 0.078125
88 0.303125 0.365625 0.0046875 0.1265625
88 0.6484375 0.36875 0.015625 0.125
88 0.653125 0.246875 0.021875 0.1234375
88 0.6546875 0.6 0.01875 0.1046875
88 0.659375 0.4921875 0.0203125 0.1
88 0.675 0.228125 0.025 0.1484375
88 0.675 0.5703125 0.025 0.171875
88 0.675 0.7109375 0.01875 0.10625
88 0.678125 0.3953125 0.0203125 0.1828125
88 0.715625 0.5859375 0.03125 0.1234375
88 0.7203125 0.21875 0.0375 0.153125
88 0.715625 0.7328125 0.0234375 0.178125
88 0.7203125 0.4078125 0.03125 0.2328125
88 0.7765625 0.7296875 0.0515625 0.1828125
88 0.778125 0.3796875 0.04375 0.1703125
88 0.778125 0.5515625 0.0359375 0.18125
88 0.7859375 0.221875 0.046875 0.1578125
88 0.8734375 0.796875 0.0875 0.11875
88 0.88125 0.3140625 0.084375 0.178125
88 0.88125 0.6578125 0.078125 0.165625
88 0.884375 0.49375 0.08125 0.1765625
88 0.8875 0.1828125 0.0828125 0.08125
