88 0.0921875 0.7984375 0.184375 0.190625
88 0.103125 0.63125 0.2046875 0.16875
88 0.1375 0.4828125 0.2265625 0.1546875
88 0.1625 0.3328125 0.1671875 0.128125
88 0.490625 0.759375 0.6375 0.16875
88 0.50625 0.8625 0.625 0.0578125
88 0.4984375 0.60625 0.58125 0.1703125
88 0.4921875 0.4640625 0.540625 0.1546875
88 0.4875 0.3484375 0.4953125 0.121875
88 0.8328125 0.325 0.203125 0.0890625
88 0.884375 0.6046875 0.23125 0.1546875
88 0.871875 0.4421875 0.2046875 0.1546875
88 0.89375 0.7640625 0.209375 0.1515625
88 0.909375 0.8671875 0.178125 0.053125
