86 0.0078125 0.528125 0.0140625 0.06875
86 0.1765625 0.5015625 0.0859375 0.090625
86 0.2984375 0.484375 0.09375 0.13125
86 0.34375 0.4453125 0.05625 0.0921875
86 0.415625 0.4890625 0.1 0.134375
86 0.3828125 0.403125 0.0265625 0.0140625
86 0.45625 0.4078125 0.0484375 0.0296875
86 0.471875 0.39375 0.0265625 0.0046875
86 0.565625 0.4265625 0.034375 0.0703125
86 0.5890625 0.4265625 0.0265625 0.0703125
86 0.6 0.421875 0.028125 0.0671875
86 0.7125 0.6953125 0.25 0.303125
86 0.840625 0.6421875 0.0609375 0.271875
86 0.8328125 0.4234375 0.0265625 0.0375
86 0.865625 0.596875 0.090625 0.228125
86 0.9140625 0.5171875 0.06875 0.1484375
86 0.9265625 0.4203125 0.009375 0.025
