86 0.190625 0.759375 0.090625 0.1375
86 0.14375 0.7390625 0.0375 0.1265625
86 0.175 0.6875 0.05 0.0765625
86 0.203125 0.696875 0.0609375 0.075
86 0.26875 0.703125 0.046875 0.08125
86 0.265625 0.6640625 0.034375 0.046875
86 0.2875 0.6640625 0.0203125 0.0453125
86 0.325 0.6671875 0.040625 0.046875
86 0.471875 0.6609375 0.04375 0.0453125
86 0.4796875 0.6703125 0.03125 0.0578125
86 0.5125 0.6953125 0.0609375 0.090625
86 0.521875 0.6546875 0.025 0.0515625
86 0.55 0.7421875 0.0625 0.1015625
86 0.584375 0.721875 0.0546875 0.10625
86 0.625 0.6765625 0.0609375 0.028125
86 0.6421875 0.7578125 0.078125 0.1078125
86 0.6171875 0.6625 0.0265625 0.040625
86 0.7140625 0.73125 0.0703125 0.109375
