85 0.4765625 0.5859375 0.3609375 0.2859375
85 0.0109375 0.1578125 0.0203125 0.0640625
85 0.0578125 0.178125 0.090625 0.10625
85 0.13125 0.1984375 0.0515625 0.1453125
85 0.165625 0.2046875 0.04375 0.159375
85 0.203125 0.2109375 0.040625 0.171875
85 0.221875 0.234375 0.025 0.1421875
85 0.2375 0.2609375 0.03125 0.125
85 0.325 0.8046875 0.025 0.1375
85 0.33125 0.621875 0.03125 0.153125
85 0.328125 0.7234375 0.0234375 0.1640625
85 0.4109375 0.6109375 0.1359375 0.1578125
85 0.5296875 0.5984375 0.1265625 0.15625
85 0.6171875 0.578125 0.05625 0.178125
