88 0.2296875 0.3390625 0.0734375 0.046875
88 0.2328125 0.3 0.0734375 0.0640625
88 0.234375 0.24375 0.071875 0.0578125
88 0.2359375 0.38125 0.046875 0.03125
88 0.315625 0.39375 0.0984375 0.0375
88 0.3078125 0.340625 0.0640625 0.0453125
88 0.309375 0.25 0.06875 0.0296875
88 0.321875 0.29375 0.0859375 0.0453125
88 0.509375 0.2609375 0.034375 0.0453125
88 0.509375 0.303125 0.0296875 0.03125
88 0.5125 0.3375 0.034375 0.040625
88 0.5140625 0.3828125 0.028125 0.025
88 0.5453125 0.3046875 0.0609375 0.0390625
88 0.546875 0.2640625 0.0484375 0.04375
88 0.5546875 0.378125 0.059375 0.034375
88 0.559375 0.340625 0.0453125 0.03125
88 0.59375 0.26875 0.0421875 0.0421875
88 0.6078125 0.38125 0.0453125 0.0421875
88 0.6046875 0.2984375 0.03125 0.0234375
88 0.609375 0.340625 0.0359375 0.0421875
