82 0.171875 0.7421875 0.184375 0.178125
82 0.01875 0.6546875 0.0375 0.0671875
82 0.021875 0.621875 0.04375 0.0796875
82 0.05625 0.7515625 0.1125 0.1609375
82 0.103125 0.665625 0.1375 0.1015625
82 0.271875 0.71875 0.1609375 0.19375
82 0.35 0.659375 0.0421875 0.1296875
82 0.36875 0.434375 0.028125 0.0328125
82 0.3796875 0.6234375 0.046875 0.1234375
82 0.39375 0.603125 0.05 0.09375
82 0.64375 0.6234375 0.05 0.121875
82 0.6296875 0.446875 0.0140625 0.0484375
82 0.71875 0.725 0.0828125 0.184375
82 0.821875 0.7625 0.1125 0.1390625
