86 0.009375 0.7390625 0.0171875 0.015625
86 0.0171875 0.80625 0.0328125 0.1375
86 0.0453125 0.7859375 0.053125 0.140625
86 0.0625 0.7640625 0.0640625 0.11875
86 0.065625 0.69375 0.0390625 0.0453125
86 0.0859375 0.709375 0.021875 0.0640625
86 0.178125 0.803125 0.0953125 0.14375
86 0.1890625 0.7578125 0.065625 0.090625
86 0.184375 0.7171875 0.0484375 0.0234375
86 0.2828125 0.7578125 0.0578125 0.121875
86 0.565625 0.7953125 0.0578125 0.159375
86 0.6546875 0.81875 0.0375 0.1109375
86 0.65625 0.7578125 0.0328125 0.115625
86 0.9421875 0.771875 0.0796875 0.1578125
