86 0.009375 0.571875 0.01875 0.0203125
86 0.040625 0.6578125 0.08125 0.109375
86 0.0359375 0.725 0.0625 0.11875
86 0.15625 0.75 0.1640625 0.15625
86 0.0921875 0.5578125 0.03125 0.028125
86 0.0984375 0.5828125 0.0390625 0.028125
86 0.134375 0.6265625 0.1125 0.028125
86 0.153125 0.5078125 0.03125 0.0234375
86 0.2046875 0.5984375 0.071875 0.0421875
86 0.1890625 0.5609375 0.034375 0.03125
86 0.2609375 0.7125 0.121875 0.2046875
86 0.2359375 0.5234375 0.0421875 0.025
86 0.325 0.659375 0.0921875 0.16875
86 0.3734375 0.6296875 0.046875 0.140625
86 0.3921875 0.5875 0.040625 0.10625
86 0.6203125 0.596875 0.0421875 0.1015625
86 0.64375 0.63125 0.05625 0.1296875
86 0.66875 0.675 0.0703125 0.165625
86 0.803125 0.7625 0.15625 0.134375
86 0.7734375 0.5828125 0.03125 0.028125
86 0.778125 0.553125 0.0265625 0.0171875
86 0.790625 0.6171875 0.040625 0.0484375
86 0.7953125 0.534375 0.0171875 0.0171875
86 0.8203125 0.5828125 0.0359375 0.028125
86 0.8453125 0.5578125 0.0390625 0.0203125
86 0.89375 0.58125 0.0828125 0.025
86 0.8828125 0.659375 0.053125 0.0484375
86 0.8953125 0.6125 0.0671875 0.034375
86 0.925 0.7453125 0.08125 0.0890625
86 0.921875 0.5421875 0.0375 0.01875
