86 0.06875 0.4921875 0.09375 0.0421875
86 0.10625 0.765625 0.1296875 0.13125
86 0.15625 0.7234375 0.1125 0.1578125
86 0.1796875 0.8203125 0.115625 0.0234375
86 0.2875 0.634375 0.0984375 0.0609375
86 0.421875 0.603125 0.0984375 0.0328125
86 0.540625 0.80625 0.215625 0.05
86 0.51875 0.55625 0.046875 0.0421875
86 0.528125 0.546875 0.065625 0.0609375
86 0.5484375 0.603125 0.1 0.028125
86 0.5640625 0.54375 0.0484375 0.0765625
86 0.59375 0.5859375 0.0890625 0.06875
86 0.65 0.5125 0.05625 0.021875
86 0.68125 0.6359375 0.103125 0.0921875
86 0.7 0.640625 0.096875 0.15625
86 0.746875 0.7640625 0.1765625 0.1359375
86 0.775 0.7171875 0.11875 0.171875
86 0.7640625 0.5109375 0.059375 0.0171875
86 0.8015625 0.6125 0.1109375 0.153125
86 0.8421875 0.5921875 0.0734375 0.1421875
86 0.8359375 0.5375 0.053125 0.0640625
