86 0.7546875 0.696875 0.165625 0.196875
86 0.00625 0.615625 0.0125 0.0484375
86 0.03125 0.575 0.0609375 0.0328125
86 0.0375 0.55 0.075 0.0234375
86 0.084375 0.775 0.1671875 0.115625
86 0.0921875 0.684375 0.184375 0.090625
86 0.1578125 0.5828125 0.08125 0.0609375
86 0.159375 0.553125 0.065625 0.0453125
86 0.2828125 0.76875 0.2234375 0.1296875
86 0.259375 0.6796875 0.171875 0.0875
86 0.2515625 0.6125 0.1421875 0.059375
86 0.2421875 0.55 0.0921875 0.0421875
86 0.2578125 0.571875 0.1140625 0.0484375
86 0.3109375 0.5421875 0.0125 0.03125
86 0.3234375 0.5765625 0.03125 0.053125
86 0.340625 0.6171875 0.0359375 0.071875
86 0.421875 0.684375 0.165625 0.115625
86 0.4953125 0.7609375 0.21875 0.14375
86 0.525 0.5171875 0.0515625 0.05625
86 0.5609375 0.603125 0.078125 0.1265625
86 0.659375 0.6484375 0.140625 0.1625
86 0.76875 0.5828125 0.0703125 0.040625
86 0.89375 0.746875 0.209375 0.1734375
86 0.871875 0.5390625 0.0484375 0.021875
