86 0.3203125 0.771875 0.121875 0.1828125
86 0.1703125 0.609375 0.021875 0.1453125
86 0.196875 0.471875 0.075 0.134375
86 0.225 0.375 0.0890625 0.1546875
86 0.271875 0.315625 0.075 0.1234375
86 0.353125 0.6046875 0.1046875 0.1671875
86 0.3734375 0.4796875 0.08125 0.1421875
86 0.3921875 0.3734375 0.08125 0.1453125
86 0.4 0.3125 0.06875 0.1375
86 0.4140625 0.2625 0.071875 0.1203125
86 0.5328125 0.2765625 0.059375 0.0875
86 0.5421875 0.346875 0.078125 0.0859375
86 0.5390625 0.3140625 0.06875 0.125
86 0.5859375 0.759375 0.1234375 0.1953125
86 0.5765625 0.5984375 0.09375 0.159375
86 0.709375 0.315625 0.0734375 0.1421875
86 0.7328125 0.3859375 0.071875 0.1578125
86 0.759375 0.475 0.0953125 0.134375
86 0.7890625 0.5984375 0.1 0.153125
86 0.8140625 0.76875 0.0515625 0.2109375
