86 0.1109375 0.746875 0.221875 0.1734375
86 0.06875 0.5484375 0.028125 0.071875
86 0.1046875 0.5359375 0.040625 0.04375
86 0.1421875 0.5734375 0.0890625 0.0578125
86 0.1625 0.6890625 0.11875 0.175
86 0.13125 0.5078125 0.040625 0.015625
86 0.153125 0.559375 0.0421875 0.0546875
86 0.1890625 0.53125 0.028125 0.034375
86 0.246875 0.6015625 0.09375 0.0875
86 0.215625 0.5140625 0.025 0.0328125
86 0.290625 0.49375 0.0265625 0.03125
86 0.3375 0.50625 0.0421875 0.040625
86 0.365625 0.6046875 0.075 0.0390625
86 0.375 0.5546875 0.059375 0.071875
86 0.3796875 0.55625 0.040625 0.046875
86 0.378125 0.4953125 0.0265625 0.021875
86 0.44375 0.5296875 0.046875 0.0734375
86 0.5 0.51875 0.03125 0.046875
86 0.5453125 0.5328125 0.04375 0.0578125
86 0.5953125 0.55625 0.0609375 0.0921875
86 0.675 0.5640625 0.065625 0.096875
86 0.7546875 0.5640625 0.0796875 0.096875
86 0.7671875 0.503125 0.0296875 0.0203125
86 0.85 0.6734375 0.1171875 0.15625
86 0.915625 0.7421875 0.1671875 0.18125
86 0.928125 0.5875 0.1265625 0.1390625
86 0.93125 0.4921875 0.028125 0.053125
