88 0.0609375 0.6015625 0.121875 0.1921875
88 0.228125 0.640625 0.296875 0.246875
88 0.2078125 0.4515625 0.228125 0.1046875
88 0.19375 0.4671875 0.15625 0.084375
88 0.4578125 0.6859375 0.553125 0.3625
88 0.3265625 0.7078125 0.290625 0.303125
88 0.4453125 0.4703125 0.1609375 0.0953125
88 0.475 0.6609375 0.2125 0.2484375
88 0.446875 0.51875 0.1421875 0.034375
88 0.7375 0.6921875 0.496875 0.365625
88 0.621875 0.471875 0.15 0.0859375
88 0.625 0.5484375 0.0859375 0.040625
88 0.6578125 0.4890625 0.1265625 0.040625
88 0.703125 0.5328125 0.078125 0.0390625
88 0.759375 0.5015625 0.1203125 0.059375
88 0.7984375 0.475 0.1859375 0.040625
88 0.7796875 0.7328125 0.128125 0.28125
88 0.86875 0.7203125 0.09375 0.30625
88 0.8875 0.496875 0.1203125 0.0484375
88 0.9203125 0.665625 0.0640625 0.271875
88 0.9671875 0.4953125 0.05 0.0609375
88 0.971875 0.6140625 0.04375 0.175
88 0.975 0.5296875 0.0484375 0.1203125
