88 0.0546875 0.2140625 0.109375 0.171875
88 0.0671875 0.5453125 0.134375 0.09375
88 0.0734375 0.6984375 0.146875 0.184375
88 0.078125 0.4125 0.15625 0.190625
88 0.0890625 0.853125 0.15625 0.11875
88 0.1875 0.2109375 0.1984375 0.1875
88 0.2046875 0.3734375 0.190625 0.146875
88 0.21875 0.540625 0.15 0.1375
88 0.2328125 0.7015625 0.165625 0.159375
88 0.2515625 0.846875 0.1765625 0.11875
88 0.359375 0.69375 0.159375 0.175
88 0.378125 0.540625 0.175 0.1796875
88 0.3796875 0.3984375 0.1703125 0.1671875
88 0.3890625 0.2203125 0.1515625 0.190625
88 0.3953125 0.840625 0.128125 0.1421875
88 0.53125 0.403125 0.2375 0.14375
88 0.559375 0.7 0.19375 0.15
88 0.5546875 0.8546875 0.1625 0.1484375
88 0.571875 0.546875 0.196875 0.1671875
88 0.5765625 0.225 0.1453125 0.16875
88 0.709375 0.8625 0.1671875 0.16875
88 0.7125 0.3890625 0.159375 0.184375
88 0.7265625 0.215625 0.1875 0.196875
88 0.715625 0.6953125 0.15625 0.1328125
88 0.73125 0.5453125 0.175 0.1515625
88 0.8953125 0.8578125 0.184375 0.1671875
88 0.88125 0.70625 0.1453125 0.2046875
88 0.8890625 0.3734375 0.15625 0.140625
88 0.8875 0.5359375 0.1375 0.1484375
88 0.909375 0.228125 0.13125 0.20625
