89 0.8296875 0.571875 0.1984375 0.378125
89 0.253125 0.6203125 0.2390625 0.109375
89 0.2546875 0.5203125 0.23125 0.128125
89 0.240625 0.396875 0.2 0.0796875
89 0.2671875 0.4484375 0.1609375 0.040625
89 0.375 0.4328125 0.0671875 0.1703125
89 0.4328125 0.5390625 0.115625 0.0859375
89 0.4421875 0.7140625 0.13125 0.140625
89 0.4375 0.6203125 0.109375 0.0921875
89 0.4453125 0.4625 0.1109375 0.0890625
89 0.4484375 0.3953125 0.0890625 0.0734375
89 0.7046875 0.6046875 0.1375 0.08125
89 0.709375 0.4828125 0.115625 0.0578125
89 0.71875 0.5265625 0.096875 0.09375
