88 0.728125 0.225 0.2578125 0.1453125
88 0.15625 0.5359375 0.3125 0.175
88 0.1953125 0.434375 0.390625 0.115625
88 0.196875 0.3765625 0.3921875 0.0828125
88 0.2015625 0.2546875 0.4015625 0.0765625
88 0.196875 0.303125 0.390625 0.05
88 0.23125 0.1453125 0.0671875 0.0234375
88 0.565625 0.184375 0.1453125 0.08125
88 0.59375 0.3046875 0.0828125 0.034375
88 0.6015625 0.384375 0.0765625 0.034375
88 0.609375 0.44375 0.08125 0.0328125
88 0.7265625 0.4421875 0.2234375 0.0375
88 0.7390625 0.2078125 0.2015625 0.053125
88 0.7296875 0.1453125 0.171875 0.0234375
88 0.7359375 0.265625 0.1828125 0.0328125
88 0.75625 0.3546875 0.1875 0.046875
88 0.7609375 0.3890625 0.1484375 0.040625
88 0.7921875 0.2671875 0.0734375 0.021875
88 0.8125 0.16875 0.0578125 0.0265625
88 0.815625 0.209375 0.0484375 0.0234375
88 0.815625 0.2390625 0.034375 0.0171875
88 0.9 0.1984375 0.090625 0.025
88 0.8875 0.234375 0.0625 0.015625
88 0.9078125 0.1609375 0.103125 0.028125
88 0.9171875 0.321875 0.0640625 0.0203125
88 0.90625 0.2890625 0.0390625 0.0171875
88 0.9125 0.3609375 0.040625 0.034375
88 0.95 0.25 0.0984375 0.01875
88 0.9421875 0.175 0.05 0.0125
88 0.95625 0.203125 0.053125 0.0125
88 0.978125 0.375 0.0421875 0.0375
88 0.9796875 0.3234375 0.0390625 0.0296875
88 0.9796875 0.2890625 0.0375 0.0171875
