86 0.3515625 0.6375 0.1375 0.1984375
86 0.0140625 0.6703125 0.028125 0.1015625
86 0.0546875 0.7609375 0.1078125 0.096875
86 0.0265625 0.4515625 0.046875 0.0796875
86 0.04375 0.465625 0.046875 0.090625
86 0.0640625 0.475 0.0453125 0.0921875
86 0.0953125 0.5015625 0.0671875 0.115625
86 0.1046875 0.4171875 0.040625 0.025
86 0.13125 0.51875 0.065625 0.1234375
86 0.165625 0.546875 0.0875 0.1546875
86 0.171875 0.415625 0.0328125 0.0234375
86 0.2328125 0.56875 0.0921875 0.1578125
86 0.2 0.421875 0.021875 0.0203125
86 0.2328125 0.4390625 0.040625 0.0484375
86 0.2734375 0.6078125 0.103125 0.2046875
86 0.284375 0.46875 0.071875 0.025
86 0.309375 0.4484375 0.046875 0.0515625
86 0.34375 0.4546875 0.0546875 0.046875
86 0.375 0.4265625 0.0421875 0.021875
86 0.4109375 0.5015625 0.075 0.0359375
86 0.453125 0.703125 0.125 0.23125
86 0.4171875 0.45 0.0484375 0.05625
86 0.4765625 0.5640625 0.115625 0.128125
86 0.4609375 0.521875 0.071875 0.121875
86 0.4953125 0.4921875 0.053125 0.1140625
86 0.5390625 0.4984375 0.08125 0.0828125
86 0.6 0.765625 0.19375 0.10625
86 0.5671875 0.53125 0.0875 0.1234375
86 0.5859375 0.4546875 0.034375 0.05625
86 0.659375 0.5828125 0.1265625 0.0515625
86 0.634375 0.475 0.065625 0.028125
86 0.6421875 0.5265625 0.0828125 0.0578125
86 0.6828125 0.465625 0.0484375 0.05625
86 0.7296875 0.54375 0.090625 0.125
86 0.75 0.496875 0.078125 0.0953125
86 0.8203125 0.715625 0.2015625 0.20625
86 0.8078125 0.5890625 0.10625 0.1421875
86 0.7765625 0.4671875 0.040625 0.0390625
86 0.8359375 0.521875 0.1078125 0.115625
86 0.909375 0.690625 0.1703125 0.253125
86 0.925 0.5828125 0.0984375 0.153125
86 0.8953125 0.484375 0.0359375 0.0484375
86 0.9796875 0.5078125 0.0390625 0.0734375
