85 0.1578125 0.284375 0.18125 0.1015625
85 0.3109375 0.490625 0.1265625 0.0296875
85 0.3109375 0.328125 0.1171875 0.15625
85 0.4265625 0.325 0.134375 0.15625
85 0.521875 0.5328125 0.065625 0.115625
85 0.5421875 0.328125 0.1015625 0.1578125
85 0.5796875 0.5359375 0.06875 0.1234375
85 0.6203125 0.3265625 0.0578125 0.1625
85 0.625 0.571875 0.059375 0.175
85 0.6921875 0.3171875 0.103125 0.2125
85 0.678125 0.6109375 0.0703125 0.1921875
85 0.775 0.7015625 0.15 0.3234375
85 0.921875 0.7359375 0.15625 0.253125
