82 0.0734375 0.50625 0.0453125 0.05
82 0.1171875 0.58125 0.0953125 0.1203125
82 0.175 0.4890625 0.1671875 0.08125
82 0.2265625 0.5640625 0.1828125 0.190625
82 0.2703125 0.484375 0.0625 0.0296875
82 0.3359375 0.5453125 0.09375 0.1015625
82 0.3625 0.4578125 0.1265625 0.065625
82 0.359375 0.4578125 0.09375 0.0328125
82 0.3796875 0.471875 0.1203125 0.0484375
82 0.5671875 0.5453125 0.1765625 0.1078125
82 0.5875 0.4375 0.1359375 0.040625
82 0.6328125 0.51875 0.2265625 0.1328125
82 0.6171875 0.4484375 0.1015625 0.0265625
82 0.7546875 0.51875 0.0234375 0.05625
82 0.8578125 0.478125 0.2265625 0.0859375
82 0.8453125 0.5109375 0.1921875 0.0828125
82 0.8984375 0.484375 0.178125 0.05
