86 0.1328125 0.634375 0.071875 0.0609375
86 0.1796875 0.7640625 0.140625 0.1359375
86 0.190625 0.61875 0.0453125 0.0609375
86 0.24375 0.65 0.0796875 0.075
86 0.28125 0.6859375 0.08125 0.0484375
86 0.3078125 0.6375 0.078125 0.0546875
86 0.325 0.59375 0.0515625 0.0453125
86 0.3640625 0.5828125 0.046875 0.0375
86 0.4296875 0.6 0.053125 0.05
86 0.453125 0.6484375 0.0765625 0.05625
86 0.4703125 0.5953125 0.0375 0.04375
86 0.5046875 0.6453125 0.0765625 0.075
86 0.5453125 0.778125 0.1359375 0.109375
86 0.565625 0.596875 0.0640625 0.021875
86 0.5734375 0.5828125 0.040625 0.0109375
86 0.65625 0.684375 0.0828125 0.0953125
86 0.678125 0.659375 0.0859375 0.065625
86 0.7171875 0.63125 0.0703125 0.05
86 0.7234375 0.6125 0.065625 0.053125
86 0.8546875 0.528125 0.0234375 0.01875
86 0.9015625 0.546875 0.040625 0.04375
86 0.9421875 0.6125 0.06875 0.053125
86 0.9484375 0.634375 0.0765625 0.0609375
86 0.9796875 0.5453125 0.0390625 0.05
