82 0.059375 0.7 0.11875 0.20625
82 0.0484375 0.7703125 0.0875 0.20625
82 0.1234375 0.5890625 0.1 0.109375
82 0.165625 0.5671875 0.05625 0.0890625
82 0.34375 0.6390625 0.1265625 0.134375
82 0.3578125 0.684375 0.1546875 0.1921875
82 0.34375 0.53125 0.0453125 0.028125
82 0.353125 0.5671875 0.0578125 0.0609375
82 0.6796875 0.5578125 0.0421875 0.0421875
82 0.6921875 0.678125 0.05625 0.203125
82 0.7296875 0.721875 0.103125 0.228125
82 0.7515625 0.56875 0.0859375 0.0765625
82 0.7890625 0.59375 0.0953125 0.084375
82 0.8328125 0.6578125 0.13125 0.1578125
82 0.9453125 0.734375 0.1046875 0.26875
82 0.95 0.696875 0.0953125 0.2484375
82 0.9671875 0.6359375 0.059375 0.1234375
