86 0.0625 0.71875 0.1234375 0.3109375
86 0.084375 0.525 0.16875 0.1
86 0.2734375 0.7046875 0.2046875 0.3265625
86 0.4296875 0.525 0.390625 0.103125
86 0.35625 0.6484375 0.1171875 0.24375
86 0.446875 0.6625 0.15 0.259375
86 0.55 0.7375 0.2796875 0.275
86 0.5140625 0.61875 0.0875 0.21875
86 0.5609375 0.634375 0.1140625 0.2296875
86 0.621875 0.6359375 0.0921875 0.253125
86 0.7171875 0.5515625 0.034375 0.0953125
86 0.746875 0.6078125 0.084375 0.1875
86 0.8578125 0.703125 0.159375 0.3171875
86 0.8734375 0.7953125 0.1234375 0.1578125
86 0.9296875 0.6125 0.1203125 0.184375
