88 0.31875 0.59375 0.1109375 0.1546875
88 0.40625 0.59375 0.0828125 0.1640625
88 0.5015625 0.571875 0.1328125 0.10625
88 0.54375 0.1875 0.190625 0.121875
88 0.5453125 0.375 0.19375 0.0828125
88 0.5421875 0.3109375 0.175 0.096875
88 0.5390625 0.1609375 0.16875 0.071875
88 0.5421875 0.253125 0.171875 0.103125
88 0.5453125 0.4375 0.178125 0.084375
88 0.5515625 0.5015625 0.1859375 0.08125
88 0.8828125 0.7609375 0.2328125 0.1984375
88 0.884375 0.55 0.228125 0.1390625
88 0.8859375 0.65 0.221875 0.159375
88 0.8875 0.4453125 0.2234375 0.1234375
