82 0.2484375 0.6046875 0.2625 0.1109375
82 0.05625 0.58125 0.1125 0.0703125
82 0.0625 0.5 0.0328125 0.0109375
82 0.1890625 0.5078125 0.021875 0.015625
82 0.4171875 0.55 0.0171875 0.0109375
82 0.4625 0.54375 0.0046875 0.0109375
82 0.5265625 0.53125 0.0109375 0.0125
82 0.58125 0.615625 0.034375 0.0265625
82 0.6125 0.6265625 0.0359375 0.0265625
82 0.61875 0.5296875 0.0109375 0.0109375
82 0.6578125 0.6421875 0.040625 0.0203125
82 0.646875 0.51875 0.00625 0.0046875
82 0.6734375 0.521875 0.0171875 0.009375
82 0.690625 0.5171875 0.0140625 0.0109375
82 0.7609375 0.503125 0.0328125 0.0171875
