89 0.071875 0.6953125 0.1375 0.24375
89 0.1875 0.56875 0.246875 0.1265625
89 0.184375 0.5 0.19375 0.04375
89 0.1734375 0.475 0.0578125 0.01875
89 0.30625 0.484375 0.040625 0.040625
89 0.459375 0.6109375 0.3109375 0.1734375
89 0.3859375 0.4921875 0.140625 0.0359375
89 0.453125 0.5046875 0.1984375 0.0359375
89 0.425 0.465625 0.0640625 0.0140625
89 0.6984375 0.7 0.446875 0.2359375
89 0.525 0.459375 0.0421875 0.0125
89 0.634375 0.50625 0.15 0.0578125
89 0.625 0.4546875 0.059375 0.01875
89 0.68125 0.4671875 0.0578125 0.0265625
89 0.8296875 0.6 0.2828125 0.14375
89 0.775 0.496875 0.1375 0.065625
89 0.86875 0.521875 0.240625 0.0640625
