86 0.3109375 0.7296875 0.134375 0.1890625
86 0.096875 0.6125 0.071875 0.121875
86 0.134375 0.6234375 0.0953125 0.1390625
86 0.2734375 0.603125 0.0765625 0.10625
86 0.31875 0.5859375 0.0546875 0.0953125
86 0.35625 0.59375 0.0671875 0.1046875
86 0.4390625 0.759375 0.1828125 0.1453125
86 0.4671875 0.578125 0.05 0.08125
86 0.4875 0.565625 0.040625 0.078125
86 0.55 0.715625 0.1078125 0.2296875
86 0.5296875 0.5703125 0.0484375 0.06875
86 0.671875 0.6421875 0.0984375 0.1484375
86 0.6890625 0.621875 0.06875 0.14375
86 0.73125 0.559375 0.046875 0.0359375
86 0.7734375 0.6515625 0.1046875 0.1609375
86 0.825 0.59375 0.053125 0.10625
86 0.9125 0.6 0.0453125 0.05625
