86 0.03125 0.621875 0.0625 0.1765625
86 0.0640625 0.484375 0.078125 0.071875
86 0.0828125 0.6125 0.0453125 0.078125
86 0.190625 0.7984375 0.240625 0.15
86 0.14375 0.4625 0.05625 0.084375
86 0.2453125 0.5640625 0.09375 0.1921875
86 0.2328125 0.4171875 0.0484375 0.0296875
86 0.3671875 0.5109375 0.125 0.178125
86 0.465625 0.784375 0.23125 0.178125
86 0.3796875 0.4140625 0.0375 0.0734375
86 0.4203125 0.4203125 0.0484375 0.1078125
86 0.4640625 0.4765625 0.08125 0.13125
86 0.4625 0.4109375 0.0375 0.0953125
86 0.496875 0.378125 0.03125 0.0484375
86 0.51875 0.3359375 0.040625 0.0453125
86 0.5296875 0.365625 0.025 0.0328125
86 0.55625 0.4234375 0.0234375 0.0796875
86 0.5578125 0.359375 0.0140625 0.040625
86 0.5734375 0.359375 0.0234375 0.0484375
86 0.578125 0.46875 0.028125 0.103125
86 0.5921875 0.4328125 0.03125 0.1296875
86 0.6453125 0.49375 0.10625 0.075
86 0.6046875 0.409375 0.0171875 0.0984375
86 0.625 0.4140625 0.0328125 0.09375
86 0.7765625 0.809375 0.3359375 0.1296875
86 0.6390625 0.4046875 0.05 0.09375
86 0.675 0.3953125 0.028125 0.08125
86 0.6921875 0.378125 0.0515625 0.090625
86 0.86875 0.353125 0.021875 0.028125
86 0.890625 0.4265625 0.04375 0.0546875
86 0.94375 0.5515625 0.09375 0.125
86 0.95625 0.865625 0.0859375 0.015625
