86 0.1515625 0.6015625 0.2109375 0.20625
86 0.3578125 0.6328125 0.18125 0.196875
86 0.46875 0.734375 0.3734375 0.19375
86 0.3375 0.3984375 0.0421875 0.0515625
86 0.375 0.4015625 0.0328125 0.071875
86 0.6703125 0.7875 0.1234375 0.0890625
86 0.796875 0.709375 0.3015625 0.24375
86 0.7453125 0.4640625 0.0796875 0.090625
86 0.809375 0.609375 0.2109375 0.178125
86 0.8109375 0.4796875 0.109375 0.0734375
86 0.9234375 0.646875 0.15 0.1921875
86 0.921875 0.41875 0.0703125 0.0625
86 0.9546875 0.58125 0.0890625 0.134375
