86 0.9421875 0.709375 0.115625 0.24375
86 0.0203125 0.490625 0.0390625 0.0921875
86 0.0453125 0.409375 0.090625 0.06875
86 0.0765625 0.6234375 0.153125 0.3296875
86 0.1546875 0.6609375 0.309375 0.3421875
86 0.2765625 0.665625 0.328125 0.33125
86 0.421875 0.4703125 0.078125 0.071875
86 0.484375 0.365625 0.0734375 0.0296875
86 0.7 0.7 0.4125 0.2625
86 0.571875 0.38125 0.084375 0.059375
86 0.5671875 0.425 0.0546875 0.05
86 0.5875 0.4765625 0.0703125 0.0546875
86 0.5921875 0.4328125 0.0296875 0.0390625
86 0.603125 0.396875 0.0484375 0.0328125
86 0.7203125 0.43125 0.0140625 0.021875
86 0.7640625 0.4765625 0.0546875 0.0375
86 0.96875 0.46875 0.059375 0.0828125
86 0.971875 0.41875 0.0546875 0.040625
86 0.9890625 0.5390625 0.0203125 0.0703125
86 0.9953125 0.3921875 0.0078125 0.025
