89 0.140625 0.459375 0.0734375 0.046875
89 0.1453125 0.4140625 0.075 0.0359375
89 0.1515625 0.5421875 0.0453125 0.0375
89 0.146875 0.4953125 0.03125 0.053125
89 0.228125 0.521875 0.134375 0.034375
89 0.234375 0.4921875 0.1265625 0.034375
89 0.246875 0.58125 0.1296875 0.0265625
89 0.2515625 0.60625 0.134375 0.0421875
89 0.225 0.4109375 0.0765625 0.059375
89 0.246875 0.5484375 0.1171875 0.0375
89 0.35 0.4078125 0.109375 0.028125
89 0.325 0.5671875 0.0390625 0.0328125
89 0.3296875 0.5203125 0.046875 0.046875
89 0.3265625 0.5453125 0.0375 0.0296875
89 0.334375 0.6 0.0390625 0.040625
89 0.4375 0.496875 0.1609375 0.0390625
89 0.440625 0.615625 0.1640625 0.0453125
89 0.4390625 0.575 0.1515625 0.046875
89 0.41875 0.4375 0.10625 0.0296875
89 0.440625 0.53125 0.1421875 0.0484375
89 0.4734375 0.459375 0.08125 0.025
89 0.4890625 0.4046875 0.078125 0.0421875
89 0.5453125 0.634375 0.0609375 0.046875
89 0.5453125 0.521875 0.053125 0.04375
89 0.55 0.559375 0.05625 0.0359375
89 0.56875 0.434375 0.0921875 0.025
89 0.5484375 0.596875 0.0421875 0.0296875
89 0.6078125 0.5328125 0.0625 0.0203125
89 0.6015625 0.490625 0.0359375 0.021875
89 0.65 0.4 0.1265625 0.040625
89 0.646875 0.5109375 0.1171875 0.0265625
89 0.653125 0.4578125 0.1078125 0.0421875
89 0.728125 0.5421875 0.09375 0.021875
89 0.7328125 0.4234375 0.071875 0.0265625
89 0.7359375 0.484375 0.075 0.03125
89 0.8515625 0.453125 0.096875 0.04375
89 0.8609375 0.39375 0.0765625 0.0359375
89 0.859375 0.515625 0.06875 0.04375
