82 0.0640625 0.70625 0.103125 0.215625
82 0.021875 0.634375 0.0421875 0.09375
82 0.1390625 0.7 0.13125 0.2109375
82 0.109375 0.609375 0.0296875 0.0609375
82 0.1578125 0.584375 0.034375 0.0203125
82 0.2359375 0.6375 0.0859375 0.11875
82 0.340625 0.734375 0.2703125 0.1921875
82 0.3359375 0.7109375 0.25 0.21875
82 0.278125 0.58125 0.0375 0.0296875
82 0.321875 0.5828125 0.04375 0.03125
82 0.3859375 0.68125 0.15625 0.1875
82 0.3828125 0.56875 0.05 0.0203125
82 0.4234375 0.6109375 0.090625 0.0625
82 0.5703125 0.740625 0.284375 0.1796875
82 0.5046875 0.5953125 0.078125 0.071875
82 0.559375 0.596875 0.0421875 0.071875
82 0.590625 0.59375 0.0296875 0.065625
82 0.653125 0.59375 0.103125 0.05625
82 0.6640625 0.55625 0.0515625 0.0265625
82 0.7265625 0.5484375 0.0234375 0.0203125
82 0.771875 0.675 0.1078125 0.2375
82 0.7828125 0.5515625 0.059375 0.028125
82 0.9109375 0.7796875 0.1765625 0.078125
82 0.9109375 0.8109375 0.1765625 0.0390625
82 0.884375 0.63125 0.1125 0.16875
82 0.91875 0.6609375 0.1609375 0.1875
82 0.9515625 0.6359375 0.0578125 0.0109375
82 0.953125 0.6828125 0.0609375 0.08125
