88 0.2421875 0.384375 0.35625 0.1359375
88 0.2203125 0.4859375 0.2984375 0.1328125
88 0.284375 0.2640625 0.415625 0.1265625
88 0.2734375 0.18125 0.384375 0.1078125
88 0.2203125 0.5765625 0.2671875 0.15625
88 0.546875 0.4484375 0.1703125 0.09375
88 0.540625 0.5296875 0.1359375 0.0828125
88 0.553125 0.371875 0.13125 0.075
88 0.575 0.3 0.15625 0.0703125
88 0.615625 0.19375 0.21875 0.1375
88 0.646875 0.5125 0.103125 0.1015625
88 0.65625 0.4265625 0.0859375 0.0703125
88 0.6734375 0.3625 0.1 0.0671875
88 0.671875 0.2890625 0.0796875 0.0765625
88 0.7515625 0.50625 0.1203125 0.09375
88 0.7546875 0.428125 0.109375 0.0875
88 0.759375 0.359375 0.084375 0.065625
88 0.7609375 0.2953125 0.084375 0.0671875
88 0.7703125 0.1921875 0.0921875 0.1328125
88 0.8296875 0.4109375 0.053125 0.0640625
88 0.8296875 0.209375 0.05 0.11875
88 0.840625 0.2984375 0.06875 0.0703125
88 0.828125 0.35 0.0390625 0.0703125
88 0.8828125 0.359375 0.078125 0.0546875
88 0.8890625 0.225 0.0671875 0.11875
88 0.903125 0.29375 0.0515625 0.078125
88 0.9390625 0.23125 0.0515625 0.121875
88 0.95 0.31875 0.0375 0.0671875
