82 0.86875 0.7296875 0.2328125 0.271875
82 0.046875 0.559375 0.06875 0.0734375
82 0.1109375 0.571875 0.065625 0.08125
82 0.2015625 0.6421875 0.1046875 0.096875
82 0.2609375 0.6296875 0.0953125 0.134375
82 0.296875 0.5640625 0.0640625 0.078125
82 0.484375 0.609375 0.0984375 0.10625
82 0.5109375 0.5828125 0.0578125 0.0984375
82 0.5953125 0.5734375 0.0609375 0.0953125
82 0.6390625 0.6453125 0.1078125 0.171875
82 0.6421875 0.5125 0.028125 0.06875
82 0.7578125 0.54375 0.10625 0.1015625
82 0.7796875 0.5296875 0.0890625 0.09375
82 0.8765625 0.584375 0.1375 0.1390625
82 0.9125 0.534375 0.0828125 0.10625
