88 0.05625 0.290625 0.1109375 0.0765625
88 0.0796875 0.6140625 0.1578125 0.115625
88 0.0796875 0.53125 0.159375 0.0953125
88 0.0921875 0.4546875 0.184375 0.0640625
88 0.1203125 0.375 0.240625 0.0875
88 0.2109375 0.30625 0.3296875 0.0734375
88 0.184375 0.2625 0.1078125 0.05625
88 0.30625 0.271875 0.134375 0.090625
88 0.453125 0.265625 0.1390625 0.0640625
88 0.465625 0.328125 0.11875 0.075
88 0.6140625 0.2484375 0.203125 0.08125
88 0.5859375 0.403125 0.1328125 0.0765625
88 0.709375 0.6203125 0.3703125 0.1140625
88 0.5859375 0.334375 0.1203125 0.0828125
88 0.5984375 0.5421875 0.1375 0.084375
88 0.5953125 0.4765625 0.1140625 0.0984375
88 0.80625 0.2375 0.23125 0.09375
88 0.7921875 0.3171875 0.1890625 0.109375
88 0.7796875 0.5421875 0.1453125 0.0921875
88 0.7921875 0.384375 0.134375 0.11875
88 0.790625 0.478125 0.1171875 0.0828125
88 0.940625 0.2171875 0.115625 0.1171875
