85 0.50625 0.5 0.9140625 0.75
85 0.0421875 0.4390625 0.0828125 0.13125
85 0.0484375 0.2734375 0.0953125 0.2953125
85 0.3375 0.3703125 0.03125 0.19375
85 0.34375 0.5609375 0.0328125 0.1796875
85 0.365625 0.6015625 0.040625 0.1859375
85 0.3640625 0.3734375 0.028125 0.2546875
85 0.3953125 0.665625 0.0359375 0.2609375
85 0.396875 0.3953125 0.040625 0.309375
85 0.4765625 0.7140625 0.040625 0.275
85 0.5046875 0.7359375 0.0453125 0.275
85 0.7015625 0.809375 0.1046875 0.1265625
85 0.7828125 0.853125 0.059375 0.040625
