88 0.8 0.5234375 0.3546875 0.3921875
88 0.403125 0.640625 0.1203125 0.05625
88 0.4078125 0.6953125 0.078125 0.0421875
88 0.4921875 0.696875 0.0921875 0.046875
88 0.503125 0.6546875 0.09375 0.0453125
88 0.5765625 0.7 0.084375 0.0484375
88 0.5734375 0.65625 0.06875 0.034375
88 0.696875 0.6015625 0.09375 0.0875
88 0.7015625 0.5203125 0.1015625 0.0796875
88 0.7 0.4328125 0.09375 0.1
88 0.6921875 0.671875 0.0734375 0.0671875
88 0.7703125 0.596875 0.0859375 0.0796875
88 0.7703125 0.665625 0.06875 0.0765625
88 0.771875 0.4296875 0.0734375 0.096875
88 0.7734375 0.5140625 0.0703125 0.078125
88 0.840625 0.5265625 0.0734375 0.075
88 0.8421875 0.6734375 0.065625 0.06875
88 0.8453125 0.6 0.0703125 0.071875
88 0.846875 0.4359375 0.0734375 0.096875
88 0.9171875 0.51875 0.0796875 0.06875
88 0.925 0.675 0.0859375 0.0796875
88 0.921875 0.4359375 0.071875 0.09375
88 0.925 0.590625 0.0765625 0.08125
