86 0.025 0.6359375 0.0484375 0.0421875
86 0.0359375 0.675 0.065625 0.040625
86 0.034375 0.5765625 0.05 0.034375
86 0.1078125 0.65625 0.103125 0.0765625
86 0.1390625 0.7421875 0.0953125 0.175
86 0.1375 0.55625 0.0765625 0.0453125
86 0.1390625 0.596875 0.0296875 0.040625
86 0.178125 0.578125 0.0515625 0.0328125
86 0.2171875 0.5625 0.0515625 0.053125
86 0.246875 0.640625 0.05 0.053125
86 0.3 0.740625 0.1 0.171875
86 0.3203125 0.5671875 0.046875 0.059375
86 0.3453125 0.659375 0.0859375 0.0765625
86 0.3765625 0.7953125 0.134375 0.1578125
86 0.4140625 0.7421875 0.1046875 0.1671875
86 0.415625 0.5578125 0.0765625 0.0859375
86 0.671875 0.678125 0.084375 0.121875
86 0.7046875 0.746875 0.1140625 0.171875
86 0.7609375 0.7953125 0.146875 0.15
86 0.778125 0.540625 0.0328125 0.0671875
86 0.88125 0.5921875 0.040625 0.1015625
86 0.9765625 0.603125 0.04375 0.0765625
