86 0.0921875 0.746875 0.1828125 0.1734375
86 0.08125 0.6171875 0.0734375 0.059375
86 0.1734375 0.578125 0.078125 0.046875
86 0.1625 0.55 0.0515625 0.0328125
86 0.1921875 0.615625 0.0953125 0.0625
86 0.2515625 0.740625 0.165625 0.1859375
86 0.2078125 0.55 0.0296875 0.0515625
86 0.2265625 0.584375 0.04375 0.096875
86 0.265625 0.5984375 0.0578125 0.1046875
86 0.309375 0.6546875 0.1046875 0.140625
86 0.3046875 0.5203125 0.0203125 0.0125
86 0.3578125 0.5875 0.0625 0.0734375
86 0.409375 0.7375 0.1578125 0.190625
86 0.371875 0.546875 0.0421875 0.03125
86 0.4578125 0.6125 0.0421875 0.0390625
86 0.465625 0.571875 0.0390625 0.05625
86 0.48125 0.5171875 0.021875 0.0140625
86 0.4875 0.509375 0.0171875 0.0109375
86 0.56875 0.734375 0.1515625 0.196875
86 0.509375 0.5046875 0.0125 0.009375
86 0.55 0.65 0.0890625 0.1375
86 0.5765625 0.5265625 0.0359375 0.015625
86 0.59375 0.5453125 0.046875 0.0375
86 0.6296875 0.59375 0.0703125 0.1
86 0.6484375 0.6265625 0.05625 0.096875
86 0.6515625 0.5 0.015625 0.0171875
86 0.734375 0.7328125 0.1796875 0.2
86 0.671875 0.55 0.040625 0.04375
86 0.6890625 0.5109375 0.0265625 0.009375
86 0.6859375 0.5640625 0.015625 0.009375
86 0.6921875 0.496875 0.015625 0.0125
86 0.7875 0.609375 0.0609375 0.065625
86 0.8703125 0.7296875 0.2140625 0.20625
86 0.803125 0.5609375 0.0515625 0.0296875
86 0.8703125 0.6375 0.1171875 0.1390625
86 0.9375 0.7375 0.1234375 0.190625
86 0.96875 0.634375 0.0609375 0.1421875
