86 0.478125 0.590625 0.1828125 0.2421875
86 0.0265625 0.4875 0.0515625 0.1359375
86 0.03125 0.471875 0.0625 0.1265625
86 0.11875 0.4984375 0.1046875 0.125
86 0.196875 0.4484375 0.0703125 0.1109375
86 0.2140625 0.478125 0.09375 0.1359375
86 0.265625 0.4359375 0.05625 0.084375
86 0.2953125 0.459375 0.075 0.103125
86 0.3625 0.43125 0.05625 0.096875
86 0.375 0.4515625 0.0734375 0.109375
86 0.653125 0.5171875 0.0859375 0.0625
86 0.8203125 0.68125 0.190625 0.234375
86 0.878125 0.5390625 0.0890625 0.1578125
