88 0.146875 0.5796875 0.246875 0.38125
88 0.028125 0.7578125 0.05625 0.0265625
88 0.03125 0.5015625 0.05625 0.1578125
88 0.2109375 0.5421875 0.0859375 0.034375
88 0.2109375 0.4828125 0.0671875 0.025
88 0.215625 0.5125 0.0671875 0.0203125
88 0.228125 0.6203125 0.034375 0.0234375
88 0.246875 0.5875 0.0359375 0.0125
88 0.3546875 0.5421875 0.065625 0.1390625
88 0.3953125 0.5328125 0.059375 0.1078125
88 0.4078125 0.503125 0.0265625 0.053125
88 0.428125 0.5265625 0.03125 0.0953125
88 0.4578125 0.515625 0.021875 0.0546875
