86 0.0890625 0.8375 0.178125 0.071875
86 0.0578125 0.6234375 0.1015625 0.13125
86 0.1265625 0.734375 0.1734375 0.190625
86 0.153125 0.6703125 0.15 0.1234375
86 0.140625 0.540625 0.0515625 0.08125
86 0.159375 0.5796875 0.0796875 0.0859375
86 0.178125 0.5390625 0.0453125 0.06875
86 0.209375 0.5421875 0.03125 0.0578125
86 0.2703125 0.6984375 0.115625 0.2
86 0.33125 0.7609375 0.146875 0.2265625
86 0.2984375 0.571875 0.046875 0.05625
86 0.3328125 0.6375 0.09375 0.1265625
86 0.4 0.7109375 0.1375 0.2046875
86 0.4 0.603125 0.078125 0.13125
86 0.428125 0.634375 0.0828125 0.1390625
86 0.4578125 0.6125 0.090625 0.1421875
86 0.459375 0.6265625 0.0828125 0.140625
86 0.528125 0.5625 0.075 0.1109375
86 0.578125 0.5671875 0.059375 0.1046875
86 0.5828125 0.553125 0.0640625 0.1078125
86 0.6015625 0.521875 0.06875 0.065625
86 0.653125 0.5828125 0.0625 0.1265625
86 0.684375 0.51875 0.0796875 0.0609375
86 0.6984375 0.5828125 0.059375 0.1234375
86 0.7046875 0.5921875 0.06875 0.1140625
86 0.7546875 0.5875 0.0625 0.115625
86 0.771875 0.5671875 0.0640625 0.1015625
86 0.8015625 0.55625 0.0484375 0.0953125
86 0.809375 0.50625 0.04375 0.0453125
86 0.8203125 0.56875 0.0578125 0.0984375
86 0.8546875 0.559375 0.0578125 0.096875
86 0.85 0.534375 0.0421875 0.075
86 0.8859375 0.5375 0.0546875 0.0671875
