85 0.159375 0.4890625 0.134375 0.1734375
85 0.271875 0.490625 0.0578125 0.1078125
85 0.3265625 0.5125 0.0734375 0.1265625
85 0.4046875 0.6109375 0.0875 0.059375
85 0.4015625 0.4890625 0.078125 0.075
85 0.5 0.578125 0.1078125 0.00625
85 0.5921875 0.4890625 0.084375 0.075
85 0.596875 0.5984375 0.0859375 0.0453125
85 0.6625 0.5125 0.053125 0.125
85 0.6609375 0.603125 0.0453125 0.071875
85 0.71875 0.5390625 0.078125 0.2
85 0.8109375 0.690625 0.1703125 0.178125
85 0.775 0.4921875 0.0609375 0.128125
85 0.8859375 0.4875 0.1734375 0.1765625
