88 0.253125 0.2484375 0.178125 0.059375
88 0.24375 0.640625 0.140625 0.0234375
88 0.209375 0.715625 0.059375 0.0296875
88 0.2734375 0.4296875 0.1765625 0.06875
88 0.265625 0.540625 0.1546875 0.071875
88 0.2703125 0.4921875 0.1625 0.065625
88 0.2703125 0.2890625 0.1578125 0.0796875
88 0.221875 0.6703125 0.0515625 0.015625
88 0.228125 0.7015625 0.065625 0.046875
88 0.28125 0.3703125 0.171875 0.090625
88 0.4453125 0.225 0.2125 0.04375
88 0.453125 0.2734375 0.19375 0.0953125
88 0.4609375 0.471875 0.190625 0.284375
88 0.6765625 0.478125 0.2578125 0.2859375
88 0.6859375 0.278125 0.2515625 0.090625
88 0.69375 0.18125 0.25625 0.034375
88 0.6921875 0.66875 0.2234375 0.1125
