86 0.1046875 0.26875 0.0453125 0.053125
86 0.1078125 0.3171875 0.046875 0.015625
86 0.1390625 0.390625 0.08125 0.03125
86 0.1375 0.365625 0.065625 0.01875
86 0.2015625 0.690625 0.15 0.215625
86 0.19375 0.3765625 0.0484375 0.0796875
86 0.265625 0.2859375 0.1875 0.1046875
86 0.215625 0.2953125 0.0359375 0.046875
86 0.3203125 0.7546875 0.2328125 0.2328125
86 0.2984375 0.35 0.0328125 0.0734375
86 0.3296875 0.3625 0.0734375 0.0796875
86 0.3171875 0.51875 0.0171875 0.065625
86 0.35 0.34375 0.046875 0.0765625
86 0.41875 0.5484375 0.103125 0.18125
86 0.4125 0.3625 0.0578125 0.0671875
86 0.5390625 0.73125 0.1765625 0.209375
86 0.7046875 0.6953125 0.1578125 0.2046875
86 0.8765625 0.675 0.1625 0.1828125
86 0.8796875 0.58125 0.1453125 0.146875
