83 0.675 0.746875 0.2203125 0.1421875
83 0.21875 0.784375 0.26875 0.084375
83 0.2375 0.66875 0.1375 0.0546875
83 0.2609375 0.6140625 0.09375 0.0515625
83 0.2453125 0.5765625 0.05 0.021875
83 0.3875 0.5625 0.040625 0.01875
83 0.4140625 0.5796875 0.053125 0.0234375
83 0.4453125 0.6109375 0.075 0.0453125
83 0.484375 0.559375 0.05 0.01875
83 0.521875 0.65625 0.1 0.0609375
83 0.5359375 0.578125 0.05625 0.021875
83 0.6171875 0.6046875 0.065625 0.040625
83 0.7890625 0.6734375 0.153125 0.0796875
