88 0.1890625 0.303125 0.3765625 0.2234375
88 0.1890625 0.66875 0.378125 0.2171875
88 0.1890625 0.7859375 0.378125 0.1765625
88 0.190625 0.1953125 0.38125 0.140625
88 0.1953125 0.496875 0.390625 0.2
88 0.540625 0.615625 0.359375 0.165625
88 0.553125 0.359375 0.3546875 0.1328125
88 0.534375 0.8078125 0.3140625 0.1328125
88 0.540625 0.7296875 0.31875 0.203125
88 0.5625 0.215625 0.3484375 0.18125
88 0.5546875 0.4828125 0.334375 0.1546875
88 0.8078125 0.76875 0.2109375 0.184375
88 0.815625 0.68125 0.21875 0.1171875
88 0.81875 0.590625 0.2046875 0.115625
88 0.8296875 0.478125 0.2203125 0.1265625
88 0.840625 0.2578125 0.234375 0.134375
88 0.8375 0.3546875 0.2203125 0.1453125
