88 0.021875 0.19375 0.0421875 0.1359375
88 0.025 0.465625 0.05 0.165625
88 0.028125 0.321875 0.05625 0.1453125
88 0.2171875 0.196875 0.3640625 0.1421875
88 0.2171875 0.3265625 0.35 0.159375
88 0.2265625 0.4734375 0.3578125 0.1953125
88 0.553125 0.2015625 0.346875 0.153125
88 0.55625 0.3265625 0.34375 0.1671875
88 0.5765625 0.4578125 0.35 0.1640625
88 0.58125 0.6203125 0.3375 0.1703125
88 0.84375 0.1890625 0.3078125 0.128125
88 0.8453125 0.3203125 0.309375 0.1609375
88 0.8078125 0.6078125 0.2046875 0.1671875
88 0.859375 0.4640625 0.278125 0.159375
88 0.853125 0.7109375 0.1359375 0.096875
