86 0.6125 0.7640625 0.1109375 0.115625
86 0.0140625 0.6765625 0.0234375 0.046875
86 0.053125 0.7765625 0.0875 0.1125
86 0.03125 0.6890625 0.025 0.0640625
86 0.0671875 0.7765625 0.0734375 0.0875
86 0.0453125 0.6453125 0.009375 0.028125
86 0.05 0.7015625 0.0171875 0.0578125
86 0.0578125 0.653125 0.0203125 0.0296875
86 0.0875 0.7125 0.0609375 0.059375
86 0.0765625 0.659375 0.028125 0.046875
86 0.096875 0.665625 0.0296875 0.034375
86 0.125 0.790625 0.0703125 0.0859375
86 0.1171875 0.6765625 0.0328125 0.0640625
86 0.14375 0.725 0.05 0.071875
86 0.1484375 0.6828125 0.04375 0.053125
86 0.1703125 0.796875 0.071875 0.071875
86 0.1734375 0.7265625 0.040625 0.08125
86 0.1734375 0.6828125 0.0421875 0.05
86 0.1734375 0.6375 0.0328125 0.0359375
86 0.2125 0.7328125 0.05625 0.0796875
86 0.2453125 0.6875 0.0609375 0.04375
86 0.2546875 0.7453125 0.078125 0.0828125
86 0.2703125 0.809375 0.078125 0.046875
86 0.240625 0.646875 0.0171875 0.0375
86 0.2609375 0.653125 0.025 0.0375
86 0.2828125 0.6953125 0.065625 0.05
86 0.303125 0.7609375 0.078125 0.084375
86 0.290625 0.6515625 0.028125 0.0375
86 0.321875 0.7046875 0.0625 0.0578125
86 0.365625 0.7765625 0.0984375 0.1
86 0.36875 0.7109375 0.078125 0.0546875
86 0.35625 0.6546875 0.034375 0.0484375
86 0.425 0.784375 0.1109375 0.0859375
86 0.3828125 0.665625 0.021875 0.04375
86 0.409375 0.7203125 0.053125 0.0453125
86 0.4203125 0.6671875 0.0421875 0.05625
86 0.465625 0.7296875 0.0796875 0.05625
86 0.4578125 0.6765625 0.053125 0.05625
86 0.50625 0.7921875 0.1078125 0.08125
86 0.490625 0.6796875 0.0515625 0.059375
86 0.540625 0.759375 0.09375 0.10625
86 0.5296875 0.6921875 0.0453125 0.071875
86 0.5828125 0.684375 0.065625 0.065625
86 0.6234375 0.6953125 0.0703125 0.0734375
86 0.671875 0.70625 0.0671875 0.0859375
86 0.721875 0.7125 0.071875 0.096875
86 0.7609375 0.696875 0.0546875 0.084375
86 0.7890625 0.6828125 0.040625 0.0703125
