88 0.2015625 0.334375 0.075 0.1296875
88 0.1984375 0.471875 0.0640625 0.153125
88 0.2046875 0.6125 0.0640625 0.1296875
88 0.2015625 0.7546875 0.05 0.1328125
88 0.2078125 0.2078125 0.0640625 0.15
88 0.2796875 0.103125 0.1625 0.078125
88 0.2984375 0.5984375 0.1546875 0.140625
88 0.30625 0.4671875 0.146875 0.1609375
88 0.3015625 0.321875 0.1234375 0.178125
88 0.315625 0.7828125 0.14375 0.16875
88 0.315625 0.1890625 0.1453125 0.1625
88 0.528125 0.7953125 0.2765625 0.115625
88 0.53125 0.6578125 0.26875 0.125
88 0.54375 0.428125 0.2890625 0.096875
88 0.5421875 0.54375 0.28125 0.14375
