88 0.2546875 0.259375 0.46875 0.259375
88 0.25625 0.5359375 0.4578125 0.2890625
88 0.2671875 0.734375 0.4171875 0.2796875
88 0.5109375 0.21875 0.5421875 0.1859375
88 0.4 0.834375 0.153125 0.0796875
88 0.590625 0.3109375 0.1953125 0.1640625
88 0.5921875 0.4796875 0.1890625 0.1703125
88 0.5953125 0.65 0.1890625 0.209375
88 0.6046875 0.7796875 0.175 0.1828125
88 0.65 0.8421875 0.075 0.0640625
88 0.7359375 0.471875 0.1 0.125
88 0.7328125 0.353125 0.0890625 0.1140625
88 0.7421875 0.590625 0.1 0.140625
88 0.7421875 0.7015625 0.1 0.1546875
88 0.746875 0.8125 0.0921875 0.11875
88 0.890625 0.35 0.215625 0.0890625
88 0.890625 0.5578125 0.215625 0.103125
88 0.8921875 0.4515625 0.2140625 0.090625
88 0.89375 0.66875 0.2109375 0.1109375
88 0.89375 0.7921875 0.2109375 0.1515625
