86 0.665625 0.7125 0.0984375 0.165625
86 0.034375 0.6296875 0.06875 0.1359375
86 0.0984375 0.725 0.196875 0.1578125
86 0.1046875 0.6171875 0.0671875 0.1015625
86 0.3109375 0.7421875 0.175 0.1234375
86 0.25625 0.5484375 0.04375 0.053125
86 0.4640625 0.5859375 0.0765625 0.04375
86 0.4765625 0.5546875 0.08125 0.0703125
86 0.5421875 0.7328125 0.1609375 0.1421875
86 0.5765625 0.5609375 0.0703125 0.06875
86 0.5984375 0.6296875 0.084375 0.0921875
86 0.6609375 0.55625 0.0671875 0.05
86 0.746875 0.55625 0.0625 0.05625
86 0.790625 0.525 0.0375 0.0609375
86 0.896875 0.6421875 0.1203125 0.121875
86 0.9703125 0.621875 0.05625 0.0875
