88 0.4109375 0.5671875 0.078125 0.0859375
88 0.415625 0.353125 0.0765625 0.1109375
88 0.4109375 0.6203125 0.065625 0.0484375
88 0.415625 0.4578125 0.0703125 0.1078125
88 0.4921875 0.6578125 0.0984375 0.0421875
88 0.4875 0.34375 0.0765625 0.115625
88 0.4921875 0.4578125 0.084375 0.1109375
88 0.4875 0.571875 0.071875 0.103125
88 0.5765625 0.35 0.1046875 0.128125
88 0.5796875 0.6046875 0.09375 0.146875
88 0.590625 0.4890625 0.103125 0.14375
88 0.5890625 0.7234375 0.0875 0.1171875
88 0.671875 0.75625 0.13125 0.1515625
88 0.69375 0.3515625 0.140625 0.1421875
88 0.6875 0.6203125 0.103125 0.1140625
88 0.703125 0.4984375 0.1203125 0.140625
