86 0.0328125 0.6921875 0.065625 0.0921875
86 0.04375 0.66875 0.0625 0.065625
86 0.1453125 0.728125 0.1359375 0.209375
86 0.16875 0.5328125 0.0421875 0.0609375
86 0.40625 0.7359375 0.2046875 0.1953125
86 0.4296875 0.596875 0.1328125 0.1140625
86 0.6265625 0.6828125 0.16875 0.2296875
86 0.6421875 0.6578125 0.1296875 0.2015625
86 0.6515625 0.6296875 0.10625 0.175
86 0.65625 0.6 0.1015625 0.140625
86 0.6859375 0.5578125 0.0765625 0.10625
86 0.69375 0.5734375 0.0890625 0.13125
86 0.8390625 0.565625 0.0265625 0.0890625
