88 0.25 0.478125 0.175 0.109375
88 0.2578125 0.5390625 0.1390625 0.134375
88 0.3796875 0.4390625 0.0828125 0.0875
88 0.4140625 0.5125 0.1421875 0.115625
88 0.46875 0.4375 0.1515625 0.0890625
88 0.484375 0.6109375 0.15 0.0984375
88 0.5421875 0.503125 0.1328125 0.109375
88 0.565625 0.590625 0.0453125 0.065625
88 0.584375 0.4140625 0.046875 0.078125
88 0.659375 0.4875 0.19375 0.0859375
88 0.6609375 0.4140625 0.1421875 0.05625
88 0.6703125 0.5828125 0.13125 0.071875
88 0.8125 0.50625 0.1765625 0.115625
88 0.8109375 0.634375 0.16875 0.140625
88 0.834375 0.4015625 0.1546875 0.1265625
