86 0.0125 0.84375 0.025 0.05
86 0.0171875 0.7578125 0.034375 0.015625
86 0.0359375 0.775 0.071875 0.025
86 0.04375 0.90625 0.0859375 0.0703125
86 0.05 0.803125 0.1 0.03125
86 0.10625 0.971875 0.2125 0.0546875
86 0.1625 0.7328125 0.325 0.0265625
86 0.0984375 0.8453125 0.1375 0.0453125
86 0.08125 0.7578125 0.0734375 0.015625
86 0.1203125 0.7796875 0.09375 0.0328125
86 0.175 0.9109375 0.190625 0.0765625
86 0.1625 0.8 0.1125 0.03125
86 0.165625 0.7546875 0.0796875 0.03125
86 0.2171875 0.7796875 0.078125 0.028125
86 0.2421875 0.8890625 0.128125 0.140625
86 0.2515625 0.759375 0.0625 0.0296875
86 0.278125 0.81875 0.1078125 0.0734375
86 0.3078125 0.7875 0.0828125 0.0609375
86 0.340625 0.8046875 0.06875 0.125
86 0.35625 0.7828125 0.0609375 0.0890625
86 0.375 0.7640625 0.065625 0.08125
86 0.58125 0.7640625 0.075 0.090625
86 0.5921875 0.7421875 0.0734375 0.03125
86 0.5984375 0.75625 0.0734375 0.025
86 0.6125 0.778125 0.0984375 0.04375
86 0.63125 0.803125 0.1234375 0.025
86 0.646875 0.890625 0.1359375 0.140625
86 0.7 0.9328125 0.190625 0.13125
86 0.696875 0.7265625 0.1359375 0.021875
86 0.746875 0.965625 0.2296875 0.0578125
86 0.6625 0.740625 0.05 0.01875
86 0.690625 0.753125 0.0703125 0.021875
86 0.715625 0.775 0.0796875 0.0375
86 0.7515625 0.8015625 0.1125 0.0390625
86 0.7390625 0.7421875 0.053125 0.015625
86 0.7828125 0.8390625 0.1265625 0.05
86 0.778125 0.771875 0.046875 0.01875
86 0.871875 0.9 0.178125 0.0828125
86 0.95 0.9671875 0.0984375 0.0625
86 0.9546875 0.8359375 0.0890625 0.0390625
86 0.965625 0.8015625 0.065625 0.0328125
86 0.9734375 0.9 0.05 0.0734375
