86 0.046875 0.76875 0.0921875 0.134375
86 0.05625 0.8546875 0.1125 0.0390625
86 0.05 0.6796875 0.071875 0.0984375
86 0.175 0.6390625 0.0765625 0.0609375
86 0.1859375 0.7046875 0.090625 0.1046875
86 0.2140625 0.8015625 0.1359375 0.1453125
86 0.2578125 0.60625 0.06875 0.0546875
86 0.2890625 0.659375 0.084375 0.08125
86 0.3421875 0.7265625 0.1171875 0.1265625
86 0.3328125 0.5890625 0.053125 0.053125
86 0.3703125 0.63125 0.0578125 0.078125
86 0.4203125 0.8203125 0.14375 0.109375
86 0.44375 0.68125 0.096875 0.1015625
86 0.4390625 0.6046875 0.0625 0.0703125
86 0.50625 0.6375 0.06875 0.071875
86 0.525 0.7765625 0.1 0.1765625
86 0.5921875 0.715625 0.075 0.1484375
86 0.640625 0.6703125 0.0625 0.128125
86 0.6859375 0.8484375 0.1125 0.05
86 0.7375 0.796875 0.109375 0.153125
86 0.78125 0.753125 0.0953125 0.1578125
86 0.80625 0.6984375 0.078125 0.1453125
