86 0.0203125 0.5203125 0.040625 0.121875
86 0.0265625 0.61875 0.053125 0.253125
86 0.203125 0.5875 0.40625 0.2921875
86 0.15 0.590625 0.11875 0.2390625
86 0.121875 0.4734375 0.04375 0.0609375
86 0.1796875 0.6171875 0.15625 0.25625
86 0.2859375 0.6046875 0.171875 0.2265625
86 0.3359375 0.6765625 0.1984375 0.3125
86 0.34375 0.51875 0.0859375 0.128125
86 0.3984375 0.5296875 0.09375 0.1359375
86 0.49375 0.534375 0.0734375 0.15
86 0.5625 0.528125 0.0734375 0.15
86 0.6421875 0.5453125 0.0890625 0.121875
86 0.75 0.6765625 0.2390625 0.3140625
86 0.8421875 0.6875 0.2625 0.29375
86 0.765625 0.525 0.0859375 0.1296875
86 0.8875 0.53125 0.0921875 0.1359375
86 0.9203125 0.5234375 0.0859375 0.1375
86 0.975 0.540625 0.0484375 0.1453125
