86 0.1875 0.43125 0.040625 0.1203125
86 0.2 0.4953125 0.065625 0.1046875
86 0.221875 0.778125 0.109375 0.153125
86 0.2328125 0.7359375 0.1296875 0.1515625
86 0.2484375 0.6125 0.134375 0.1328125
86 0.225 0.38125 0.084375 0.125
86 0.29375 0.625 0.128125 0.0953125
86 0.2828125 0.3234375 0.0578125 0.078125
86 0.2828125 0.2125 0.046875 0.0546875
86 0.34375 0.834375 0.1640625 0.178125
86 0.3390625 0.9234375 0.1453125 0.15
86 0.2875 0.2203125 0.0390625 0.015625
86 0.365625 0.975 0.1484375 0.0453125
86 0.353125 0.5421875 0.1171875 0.1375
86 0.3703125 0.59375 0.125 0.1625
86 0.3453125 0.39375 0.03125 0.10625
86 0.3578125 0.259375 0.040625 0.0578125
86 0.3828125 0.459375 0.09375 0.0703125
86 0.4046875 0.8046875 0.134375 0.2
86 0.38125 0.225 0.0328125 0.0703125
86 0.396875 0.303125 0.0625 0.084375
86 0.4375 0.4171875 0.0796875 0.1
86 0.4203125 0.2203125 0.025 0.071875
86 0.4578125 0.35 0.05625 0.040625
86 0.503125 0.5328125 0.1203125 0.1203125
86 0.503125 0.5203125 0.1109375 0.1046875
86 0.5265625 0.6796875 0.1578125 0.1828125
86 0.48125 0.3171875 0.05625 0.09375
86 0.53125 0.73125 0.1546875 0.1703125
86 0.5359375 0.571875 0.1171875 0.0859375
86 0.50625 0.33125 0.046875 0.0703125
86 0.5859375 0.8953125 0.1921875 0.2046875
86 0.6109375 0.49375 0.0984375 0.0875
86 0.6546875 0.94375 0.1828125 0.1109375
86 0.6703125 0.6765625 0.1203125 0.1734375
86 0.69375 0.7359375 0.15625 0.1671875
86 0.7546875 0.86875 0.1546875 0.209375
86 0.8015625 0.9703125 0.0625 0.05625
