85 0.2234375 0.69375 0.4453125 0.2796875
85 0.1046875 0.35625 0.078125 0.140625
85 0.1578125 0.3703125 0.1828125 0.1703125
85 0.35 0.6078125 0.3046875 0.171875
85 0.565625 0.3390625 0.675 0.2328125
85 0.31875 0.3890625 0.1625 0.3234375
85 0.371875 0.653125 0.0640625 0.0703125
85 0.446875 0.35625 0.1140625 0.18125
85 0.4484375 0.6140625 0.1125 0.1703125
85 0.4921875 0.496875 0.140625 0.0953125
85 0.6375 0.6828125 0.2953125 0.28125
85 0.5484375 0.340625 0.090625 0.2140625
85 0.653125 0.296875 0.1171875 0.1296875
85 0.7453125 0.5203125 0.115625 0.0484375
85 0.8171875 0.33125 0.2 0.2328125
85 0.859375 0.734375 0.1625 0.2
