88 0.0828125 0.5640625 0.165625 0.0734375
88 0.0859375 0.509375 0.171875 0.05
88 0.090625 0.4375 0.18125 0.0546875
88 0.090625 0.6390625 0.18125 0.1078125
88 0.1015625 0.3828125 0.2015625 0.0703125
88 0.09375 0.71875 0.1859375 0.121875
88 0.2421875 0.49375 0.140625 0.0421875
88 0.24375 0.5390625 0.1328125 0.059375
88 0.2515625 0.58125 0.1375 0.0890625
88 0.2515625 0.6421875 0.134375 0.0875
88 0.2546875 0.446875 0.1359375 0.0296875
88 0.259375 0.7109375 0.146875 0.1359375
88 0.26875 0.40625 0.1546875 0.0578125
88 0.3703125 0.5890625 0.090625 0.0890625
88 0.3734375 0.5390625 0.0859375 0.0640625
88 0.3765625 0.434375 0.0890625 0.05625
88 0.371875 0.4875 0.078125 0.0546875
88 0.384375 0.63125 0.0890625 0.0859375
88 0.4375 0.4953125 0.0390625 0.025
88 0.4375 0.46875 0.0421875 0.0296875
88 0.4390625 0.5625 0.0421875 0.04375
88 0.4421875 0.521875 0.046875 0.04375
88 0.446875 0.44375 0.0484375 0.0265625
88 0.446875 0.6 0.05 0.0515625
88 0.5296875 0.5140625 0.1203125 0.1546875
88 0.8609375 0.5 0.275 0.5609375
