82 0.6828125 0.68125 0.1359375 0.196875
82 0.0515625 0.7265625 0.103125 0.1859375
82 0.0765625 0.665625 0.1515625 0.1921875
82 0.0625 0.6234375 0.1046875 0.134375
82 0.034375 0.546875 0.0296875 0.015625
82 0.2109375 0.578125 0.0609375 0.0515625
82 0.3015625 0.7171875 0.184375 0.225
82 0.2546875 0.546875 0.0109375 0.0203125
82 0.4546875 0.6046875 0.09375 0.1171875
82 0.484375 0.5578125 0.05 0.0734375
82 0.515625 0.528125 0.034375 0.040625
82 0.5625 0.646875 0.1140625 0.1640625
82 0.59375 0.54375 0.0234375 0.03125
82 0.684375 0.55625 0.0625 0.0296875
82 0.7703125 0.646875 0.1078125 0.1171875
82 0.81875 0.5734375 0.059375 0.09375
82 0.865625 0.66875 0.1328125 0.1890625
82 0.9234375 0.6265625 0.10625 0.14375
82 0.9359375 0.5703125 0.03125 0.0671875
