88 0.0609375 0.459375 0.1 0.1171875
88 0.11875 0.56875 0.1578125 0.2109375
88 0.190625 0.465625 0.134375 0.1109375
88 0.34375 0.6328125 0.321875 0.3
88 0.3015625 0.4484375 0.06875 0.0640625
88 0.3953125 0.465625 0.09375 0.0375
88 0.4515625 0.4609375 0.0453125 0.0671875
88 0.50625 0.5328125 0.1140625 0.2234375
88 0.5953125 0.5234375 0.0625 0.178125
88 0.6296875 0.521875 0.0515625 0.184375
88 0.6859375 0.5203125 0.059375 0.2078125
88 0.8265625 0.6375 0.2203125 0.475
88 0.7828125 0.4140625 0.05 0.0484375
88 0.8203125 0.421875 0.028125 0.0328125
88 0.865625 0.4125 0.0625 0.053125
88 0.9453125 0.5375 0.0421875 0.1671875
