88 0.146875 0.35 0.0421875 0.10625
88 0.1578125 0.4578125 0.0640625 0.1140625
88 0.1765625 0.2375 0.103125 0.1125
88 0.2109375 0.2546875 0.171875 0.1234375
88 0.21875 0.134375 0.1859375 0.078125
88 0.1984375 0.375 0.115625 0.1046875
88 0.2203125 0.553125 0.1 0.0625
88 0.290625 0.5125 0.2375 0.1640625
88 0.3765625 0.709375 0.346875 0.265625
88 0.328125 0.2875 0.2234375 0.1515625
88 0.2796875 0.3953125 0.0703125 0.065625
88 0.3125 0.5859375 0.096875 0.10625
88 0.3609375 0.41875 0.0875 0.0875
88 0.4828125 0.4453125 0.1265625 0.11875
88 0.484375 0.553125 0.13125 0.1125
88 0.490625 0.65 0.14375 0.125
88 0.540625 0.303125 0.2 0.14375
