82 0.41875 0.7046875 0.24375 0.2015625
82 0.028125 0.453125 0.0453125 0.021875
82 0.0765625 0.490625 0.1296875 0.053125
82 0.08125 0.4359375 0.040625 0.015625
82 0.103125 0.45 0.05 0.021875
82 0.259375 0.4984375 0.140625 0.065625
82 0.5546875 0.4453125 0.034375 0.0046875
82 0.5953125 0.584375 0.1 0.115625
82 0.66875 0.4921875 0.04375 0.040625
82 0.69375 0.4625 0.0546875 0.0265625
82 0.7671875 0.4796875 0.0375 0.025
82 0.8453125 0.4671875 0.0328125 0.025
82 0.8734375 0.4546875 0.0328125 0.0125
82 0.928125 0.484375 0.0578125 0.0203125
82 0.9453125 0.5375 0.0890625 0.071875
82 0.9640625 0.4703125 0.0359375 0.0265625
82 0.984375 0.45625 0.025 0.0140625
