86 0.01875 0.578125 0.0375 0.0546875
86 0.065625 0.68125 0.13125 0.14375
86 0.1171875 0.6421875 0.103125 0.146875
86 0.2171875 0.8375 0.2671875 0.071875
86 0.15 0.6375 0.1234375 0.140625
86 0.1984375 0.678125 0.128125 0.065625
86 0.2921875 0.628125 0.0828125 0.1203125
86 0.353125 0.628125 0.1046875 0.1328125
86 0.35625 0.603125 0.0765625 0.1265625
86 0.459375 0.778125 0.2140625 0.190625
86 0.421875 0.675 0.090625 0.0796875
86 0.434375 0.578125 0.0796875 0.0984375
86 0.4484375 0.6421875 0.103125 0.140625
86 0.5078125 0.6109375 0.065625 0.1484375
86 0.5140625 0.571875 0.071875 0.1109375
86 0.5609375 0.5609375 0.0421875 0.103125
86 0.5921875 0.58125 0.0765625 0.1015625
86 0.6046875 0.51875 0.040625 0.028125
86 0.6328125 0.534375 0.03125 0.06875
86 0.6484375 0.5703125 0.05625 0.1
86 0.6734375 0.5109375 0.0390625 0.0203125
86 0.690625 0.55625 0.034375 0.08125
86 0.725 0.5421875 0.0375 0.090625
86 0.75625 0.615625 0.096875 0.1390625
86 0.7359375 0.553125 0.053125 0.08125
86 0.7765625 0.64375 0.1125 0.1734375
86 0.7765625 0.5421875 0.040625 0.0625
86 0.840625 0.6 0.0859375 0.1328125
86 0.909375 0.6625 0.1171875 0.165625
86 0.9078125 0.5453125 0.03125 0.04375
86 0.946875 0.5546875 0.0765625 0.0375
86 0.9375 0.5234375 0.04375 0.0203125
86 0.971875 0.64375 0.053125 0.134375
86 0.9859375 0.54375 0.028125 0.065625
