86 0.7046875 0.75625 0.246875 0.1640625
86 0.19375 0.775 0.2296875 0.1359375
86 0.253125 0.6640625 0.14375 0.1015625
86 0.4328125 0.75625 0.2515625 0.171875
86 0.4328125 0.5796875 0.11875 0.0390625
86 0.3984375 0.546875 0.0203125 0.028125
86 0.6109375 0.653125 0.1265625 0.10625
86 0.6578125 0.55 0.0421875 0.046875
86 0.740625 0.6125 0.1078125 0.1078125
86 0.79375 0.64375 0.13125 0.1
86 0.8015625 0.55625 0.0734375 0.075
86 0.8984375 0.7625 0.2015625 0.159375
86 0.85 0.571875 0.046875 0.0375
