88 0.2953125 0.590625 0.1515625 0.1265625
88 0.26875 0.2484375 0.090625 0.1
88 0.353125 0.14375 0.2546875 0.1359375
88 0.2828125 0.7875 0.10625 0.1578125
88 0.2875 0.5359375 0.109375 0.0984375
88 0.2875 0.415625 0.1078125 0.184375
88 0.2828125 0.684375 0.0953125 0.053125
88 0.29375 0.903125 0.1140625 0.096875
88 0.3484375 0.459375 0.115625 0.11875
88 0.35 0.3921875 0.1140625 0.09375
88 0.3515625 0.609375 0.1046875 0.06875
88 0.35625 0.7578125 0.1140625 0.084375
88 0.3578125 0.2453125 0.1078125 0.1046875
88 0.3671875 0.859375 0.1265625 0.1578125
88 0.4203125 0.8859375 0.125 0.075
88 0.434375 0.5453125 0.10625 0.09375
88 0.44375 0.7921875 0.11875 0.1390625
88 0.4375 0.621875 0.0953125 0.1140625
88 0.440625 0.25 0.103125 0.10625
88 0.45 0.434375 0.1046875 0.1640625
88 0.490625 0.15 0.115625 0.1265625
88 0.5734375 0.1515625 0.115625 0.1328125
88 0.6375 0.1609375 0.1546875 0.1296875
88 0.7125 0.8515625 0.0515625 0.1109375
88 0.7265625 0.9328125 0.0515625 0.13125
88 0.7359375 0.575 0.04375 0.0875
88 0.759375 0.7125 0.0609375 0.0953125
88 0.7578125 0.7890625 0.04375 0.1140625
88 0.7609375 0.6078125 0.0484375 0.1421875
88 0.7859375 0.9265625 0.09375 0.1359375
88 0.7703125 0.4953125 0.0515625 0.121875
88 0.809375 0.553125 0.046875 0.1765625
88 0.8109375 0.8953125 0.0453125 0.1265625
88 0.8125 0.79375 0.040625 0.1578125
88 0.81875 0.6515625 0.0265625 0.121875
