86 0.1515625 0.4671875 0.0359375 0.05
86 0.325 0.5515625 0.115625 0.1046875
86 0.346875 0.6125 0.1515625 0.1578125
86 0.38125 0.7015625 0.159375 0.246875
86 0.378125 0.4390625 0.053125 0.0609375
86 0.4625 0.7328125 0.2078125 0.2
86 0.45625 0.4359375 0.040625 0.0375
86 0.465625 0.41875 0.015625 0.0265625
86 0.48125 0.3890625 0.0203125 0.0390625
86 0.596875 0.78125 0.2484375 0.1015625
86 0.540625 0.6328125 0.08125 0.1921875
86 0.56875 0.4765625 0.0296875 0.0515625
86 0.5671875 0.421875 0.025 0.0484375
86 0.653125 0.6578125 0.159375 0.1765625
86 0.5921875 0.496875 0.034375 0.0671875
86 0.5890625 0.4140625 0.0125 0.040625
86 0.6796875 0.5265625 0.1140625 0.1015625
86 0.6640625 0.4171875 0.03125 0.0546875
86 0.7796875 0.734375 0.2046875 0.1875
86 0.85625 0.4203125 0.04375 0.0984375
86 0.915625 0.640625 0.11875 0.1890625
86 0.896875 0.4296875 0.0375 0.0828125
