82 0.665625 0.778125 0.246875 0.1921875
82 0.015625 0.5828125 0.0296875 0.0921875
82 0.084375 0.7515625 0.16875 0.2453125
82 0.1625 0.5515625 0.10625 0.0921875
82 0.3734375 0.81875 0.296875 0.1109375
82 0.303125 0.54375 0.0703125 0.05
82 0.3703125 0.5375 0.0859375 0.0234375
82 0.359375 0.4609375 0.0140625 0.025
82 0.36875 0.478125 0.0265625 0.0421875
82 0.4390625 0.490625 0.071875 0.1140625
82 0.4984375 0.5 0.09375 0.08125
82 0.6453125 0.6203125 0.1484375 0.209375
82 0.63125 0.503125 0.0921875 0.1125
82 0.71875 0.66875 0.1640625 0.25625
82 0.70625 0.46875 0.046875 0.0828125
82 0.7421875 0.4234375 0.025 0.03125
82 0.8421875 0.61875 0.125 0.234375
82 0.8890625 0.434375 0.0578125 0.0359375
82 0.946875 0.6640625 0.1046875 0.2609375
