88 0.0515625 0.5515625 0.103125 0.125
88 0.0578125 0.66875 0.1140625 0.11875
88 0.0640625 0.4359375 0.1265625 0.125
88 0.0796875 0.3109375 0.159375 0.1390625
88 0.2671875 0.4359375 0.2265625 0.1140625
88 0.271875 0.3203125 0.228125 0.1390625
88 0.278125 0.546875 0.215625 0.096875
88 0.453125 0.3359375 0.1921875 0.121875
88 0.4515625 0.53125 0.1640625 0.0921875
88 0.4578125 0.4390625 0.1765625 0.09375
88 0.6078125 0.525 0.1515625 0.078125
88 0.60625 0.434375 0.1453125 0.0796875
88 0.625 0.3421875 0.15 0.10625
88 0.7953125 0.5453125 0.1796875 0.128125
88 0.8078125 0.4515625 0.175 0.115625
88 0.815625 0.35625 0.178125 0.128125
88 0.940625 0.4609375 0.11875 0.1375
88 0.9421875 0.58125 0.1140625 0.1390625
88 0.95 0.3390625 0.0984375 0.1171875
