88 0.090625 0.434375 0.15625 0.1
88 0.075 0.6890625 0.1125 0.115625
88 0.078125 0.765625 0.115625 0.1125
88 0.1 0.5203125 0.1484375 0.084375
88 0.109375 0.6125 0.1515625 0.11875
88 0.1515625 0.671875 0.059375 0.053125
88 0.1515625 0.728125 0.053125 0.059375
88 0.159375 0.784375 0.05625 0.0625
88 0.259375 0.784375 0.1453125 0.0953125
88 0.2625 0.69375 0.15 0.084375
88 0.396875 0.415625 0.1796875 0.10625
88 0.403125 0.6015625 0.1875 0.1171875
88 0.40625 0.503125 0.1921875 0.10625
88 0.415625 0.696875 0.190625 0.084375
88 0.4109375 0.78125 0.171875 0.1046875
88 0.609375 0.7890625 0.2171875 0.0890625
88 0.6203125 0.5046875 0.2296875 0.125
88 0.6203125 0.4125 0.221875 0.084375
88 0.6203125 0.61875 0.215625 0.121875
88 0.63125 0.7265625 0.196875 0.0859375
88 0.8640625 0.49375 0.2703125 0.096875
88 0.8640625 0.7359375 0.26875 0.1125
88 0.865625 0.803125 0.2578125 0.0609375
88 0.865625 0.384375 0.259375 0.1078125
88 0.8671875 0.621875 0.2625 0.1296875
