88 0.0359375 0.4625 0.071875 0.08125
88 0.05 0.3984375 0.0984375 0.0984375
88 0.0578125 0.54375 0.1140625 0.0703125
88 0.059375 0.61875 0.1171875 0.0953125
88 0.053125 0.3078125 0.0984375 0.0984375
88 0.06875 0.6890625 0.1234375 0.0734375
88 0.1953125 0.2921875 0.2046875 0.115625
88 0.20625 0.4921875 0.2046875 0.121875
88 0.2125 0.6375 0.2015625 0.078125
88 0.2109375 0.3859375 0.190625 0.0984375
88 0.2203125 0.7109375 0.196875 0.0609375
88 0.225 0.55 0.1828125 0.0765625
88 0.378125 0.3859375 0.1546875 0.0875
88 0.390625 0.2875 0.1640625 0.10625
88 0.384375 0.4703125 0.1359375 0.0984375
88 0.3859375 0.6609375 0.1390625 0.109375
88 0.390625 0.5703125 0.1359375 0.1171875
88 0.396875 0.759375 0.1109375 0.0921875
88 0.553125 0.4765625 0.1984375 0.0828125
88 0.54375 0.5875 0.1734375 0.115625
88 0.5453125 0.378125 0.1625 0.0890625
88 0.5578125 0.7765625 0.171875 0.140625
88 0.5546875 0.29375 0.15625 0.1296875
88 0.559375 0.684375 0.146875 0.1109375
88 0.8 0.309375 0.3296875 0.1421875
88 0.7984375 0.4546875 0.315625 0.1640625
88 0.7828125 0.6875 0.2796875 0.1515625
88 0.7859375 0.559375 0.2859375 0.159375
88 0.790625 0.790625 0.278125 0.13125
