88 0.0546875 0.63125 0.109375 0.125
88 0.0578125 0.5609375 0.1140625 0.1328125
88 0.053125 0.41875 0.10625 0.146875
88 0.278125 0.4515625 0.046875 0.021875
88 0.278125 0.53125 0.046875 0.015625
88 0.2796875 0.490625 0.05 0.0171875
88 0.2796875 0.509375 0.0484375 0.0265625
88 0.2796875 0.471875 0.04375 0.0234375
88 0.3609375 0.5640625 0.0953125 0.053125
88 0.3671875 0.3546875 0.1046875 0.0453125
88 0.3640625 0.6046875 0.096875 0.04375
88 0.3640625 0.4015625 0.0921875 0.046875
88 0.3671875 0.465625 0.096875 0.040625
88 0.365625 0.515625 0.09375 0.04375
88 0.45625 0.5546875 0.09375 0.0421875
88 0.4578125 0.5921875 0.09375 0.0546875
88 0.4609375 0.4140625 0.0953125 0.04375
88 0.45625 0.5015625 0.084375 0.04375
88 0.459375 0.465625 0.0875 0.0375
88 0.4640625 0.3703125 0.0875 0.0484375
88 0.5328125 0.390625 0.071875 0.0296875
88 0.5359375 0.4265625 0.0609375 0.0390625
88 0.534375 0.4625 0.0546875 0.0359375
88 0.9328125 0.575 0.13125 0.171875
