89 0.321875 0.0890625 0.125 0.05625
89 0.321875 0.1828125 0.1125 0.121875
89 0.3265625 0.28125 0.1171875 0.0609375
89 0.328125 0.3515625 0.1171875 0.0578125
89 0.3296875 0.4109375 0.115625 0.0625
89 0.3328125 0.6125 0.121875 0.0640625
89 0.3296875 0.4765625 0.10625 0.0625
89 0.334375 0.546875 0.10625 0.0578125
89 0.3375 0.65625 0.109375 0.0609375
89 0.453125 0.1875 0.11875 0.1109375
89 0.453125 0.2796875 0.1140625 0.05
89 0.4546875 0.0953125 0.11875 0.0515625
89 0.4546875 0.478125 0.115625 0.0546875
89 0.4578125 0.5328125 0.1109375 0.05
89 0.45625 0.3484375 0.103125 0.0578125
89 0.4578125 0.4109375 0.10625 0.059375
89 0.4609375 0.59375 0.109375 0.0625
89 0.575 0.1015625 0.1171875 0.0625
89 0.575 0.3546875 0.1046875 0.0515625
89 0.5765625 0.2203125 0.10625 0.0609375
89 0.578125 0.159375 0.1125 0.0515625
89 0.5796875 0.2890625 0.10625 0.065625
89 0.5796875 0.4671875 0.1 0.1578125
89 0.6859375 0.465625 0.0921875 0.04375
89 0.6875 0.528125 0.0875 0.0640625
89 0.690625 0.353125 0.09375 0.0515625
89 0.6921875 0.228125 0.0984375 0.059375
89 0.69375 0.2859375 0.0984375 0.0515625
89 0.7 0.1078125 0.1015625 0.046875
89 0.69375 0.415625 0.0828125 0.0421875
89 0.6984375 0.165625 0.09375 0.0578125
