89 0.01875 0.3125 0.0359375 0.1359375
89 0.0375 0.50625 0.075 0.1390625
89 0.1359375 0.3375 0.18125 0.18125
89 0.134375 0.5078125 0.1546875 0.184375
89 0.29375 0.4859375 0.1515625 0.18125
89 0.3 0.321875 0.153125 0.1828125
89 0.478125 0.3328125 0.1625 0.16875
89 0.5265625 0.48125 0.071875 0.1453125
89 0.6703125 0.3296875 0.16875 0.184375
89 0.853125 0.3265625 0.178125 0.16875
89 0.8515625 0.49375 0.1515625 0.171875
89 0.984375 0.484375 0.0296875 0.128125
89 0.9921875 0.3234375 0.0125 0.1765625
