86 0.7203125 0.721875 0.115625 0.203125
86 0.0375 0.6859375 0.075 0.140625
86 0.046875 0.6046875 0.04375 0.0328125
86 0.1546875 0.7015625 0.0953125 0.065625
86 0.1296875 0.596875 0.0359375 0.028125
86 0.1375 0.671875 0.040625 0.1046875
86 0.20625 0.59375 0.05 0.01875
86 0.221875 0.665625 0.059375 0.115625
86 0.2703125 0.6625 0.0578125 0.121875
86 0.2625 0.5984375 0.040625 0.040625
86 0.2703125 0.6 0.0203125 0.0328125
86 0.321875 0.6953125 0.09375 0.05625
86 0.315625 0.6234375 0.05625 0.0890625
86 0.36875 0.63125 0.059375 0.09375
86 0.3703125 0.575 0.0296875 0.009375
86 0.3921875 0.675 0.046875 0.11875
86 0.428125 0.6890625 0.0875 0.115625
86 0.4203125 0.621875 0.0453125 0.0609375
86 0.478125 0.7171875 0.0625 0.084375
86 0.475 0.625 0.0484375 0.0359375
86 0.4625 0.6015625 0.015625 0.0625
86 0.5546875 0.7328125 0.084375 0.15
86 0.5515625 0.621875 0.0546875 0.025
86 0.584375 0.78125 0.05 0.1
86 0.5921875 0.6125 0.0546875 0.04375
86 0.590625 0.58125 0.034375 0.0125
86 0.634375 0.625 0.0625 0.0375
86 0.665625 0.7453125 0.1125 0.171875
86 0.6515625 0.615625 0.0390625 0.05625
86 0.65 0.5828125 0.034375 0.0140625
86 0.6953125 0.61875 0.0421875 0.0609375
86 0.7046875 0.5859375 0.025 0.0234375
86 0.721875 0.625 0.0265625 0.0796875
86 0.859375 0.6671875 0.0859375 0.1234375
86 0.9125 0.7546875 0.0546875 0.153125
86 0.9296875 0.6765625 0.0703125 0.1390625
86 0.9421875 0.6015625 0.0421875 0.021875
