82 0.128125 0.709375 0.25625 0.1515625
82 0.1765625 0.6359375 0.0765625 0.15625
82 0.234375 0.6953125 0.125 0.178125
82 0.2359375 0.490625 0.040625 0.053125
82 0.24375 0.553125 0.05625 0.04375
82 0.26875 0.5 0.046875 0.065625
82 0.340625 0.715625 0.128125 0.1390625
82 0.309375 0.5234375 0.0453125 0.0515625
82 0.3015625 0.4921875 0.0203125 0.025
82 0.3515625 0.48125 0.0359375 0.0109375
82 0.3625 0.5390625 0.0546875 0.0171875
82 0.36875 0.5265625 0.059375 0.046875
82 0.353125 0.4703125 0.021875 0.0171875
82 0.403125 0.4640625 0.0328125 0.025
82 0.4515625 0.690625 0.1296875 0.1890625
82 0.425 0.534375 0.0609375 0.06875
82 0.4375 0.521875 0.0484375 0.0765625
82 0.4546875 0.6359375 0.084375 0.175
82 0.8078125 0.678125 0.2484375 0.2125
82 0.9359375 0.7015625 0.1265625 0.1671875
