86 0.0171875 0.7140625 0.034375 0.1171875
86 0.0796875 0.740625 0.10625 0.1140625
86 0.0375 0.5125 0.015625 0.028125
86 0.0515625 0.5375 0.0296875 0.025
86 0.071875 0.59375 0.04375 0.0515625
86 0.5203125 0.5703125 0.01875 0.021875
86 0.5609375 0.8015625 0.0859375 0.0640625
86 0.634375 0.55625 0.05625 0.0328125
86 0.6421875 0.5921875 0.059375 0.05
86 0.734375 0.7484375 0.11875 0.1703125
86 0.7609375 0.5640625 0.015625 0.0328125
86 0.7984375 0.515625 0.01875 0.021875
86 0.859375 0.7046875 0.1328125 0.2078125
