88 0.334375 0.5296875 0.13125 0.2421875
88 0.3328125 0.575 0.1125 0.05
88 0.3328125 0.6234375 0.1109375 0.053125
88 0.3328125 0.5296875 0.1125 0.0453125
88 0.3375 0.465625 0.1109375 0.0890625
88 0.446875 0.609375 0.096875 0.059375
88 0.45625 0.5234375 0.115625 0.2453125
88 0.446875 0.565625 0.0953125 0.0484375
88 0.45 0.521875 0.1 0.04375
88 0.4515625 0.440625 0.0984375 0.0421875
88 0.4515625 0.48125 0.0984375 0.0421875
88 0.8125 0.50625 0.29375 0.5234375
88 0.7171875 0.415625 0.0484375 0.0546875
88 0.71875 0.378125 0.05 0.0484375
88 0.71875 0.4578125 0.0484375 0.0453125
88 0.71875 0.5203125 0.0484375 0.084375
88 0.7921875 0.528125 0.1015625 0.071875
88 0.7890625 0.46875 0.090625 0.0484375
88 0.79375 0.3890625 0.096875 0.0609375
88 0.79375 0.3390625 0.0984375 0.096875
88 0.7953125 0.428125 0.090625 0.053125
88 0.903125 0.559375 0.053125 0.0609375
88 0.90625 0.503125 0.0609375 0.05625
88 0.9078125 0.3859375 0.059375 0.065625
88 0.9078125 0.3265625 0.053125 0.0546875
88 0.9109375 0.4453125 0.059375 0.0546875
