88 0.015625 0.38125 0.03125 0.0796875
88 0.08125 0.665625 0.1609375 0.084375
88 0.08125 0.475 0.1625 0.0890625
88 0.0828125 0.5734375 0.1640625 0.078125
88 0.0828125 0.7484375 0.1640625 0.0828125
88 0.2546875 0.565625 0.096875 0.046875
88 0.259375 0.5171875 0.1046875 0.0453125
88 0.6484375 0.303125 0.0453125 0.034375
88 0.7109375 0.290625 0.065625 0.0453125
88 0.8265625 0.278125 0.134375 0.075
88 0.9640625 0.571875 0.06875 0.0796875
88 0.946875 0.6703125 0.028125 0.0828125
88 0.9671875 0.3734375 0.0640625 0.090625
88 0.9671875 0.2609375 0.0625 0.1171875
88 0.96875 0.4734375 0.0625 0.0984375
