86 0.0546875 0.659375 0.0875 0.1125
86 0.0546875 0.5828125 0.05625 0.021875
86 0.1671875 0.725 0.1875 0.1078125
86 0.1046875 0.5484375 0.0484375 0.0203125
86 0.2609375 0.6453125 0.0296875 0.0859375
86 0.3578125 0.63125 0.0859375 0.1234375
86 0.53125 0.584375 0.0703125 0.0921875
86 0.6546875 0.640625 0.065625 0.1328125
86 0.7390625 0.6859375 0.125 0.171875
86 0.8671875 0.7234375 0.203125 0.096875
86 0.803125 0.5875 0.065625 0.0296875
86 0.9203125 0.6296875 0.078125 0.046875
86 0.9375 0.55625 0.05 0.03125
86 0.9546875 0.58125 0.053125 0.03125
