86 0.315625 0.7421875 0.140625 0.2171875
86 0.078125 0.703125 0.15625 0.1640625
86 0.021875 0.46875 0.0375 0.0390625
86 0.1171875 0.48125 0.0609375 0.0375
86 0.265625 0.61875 0.125 0.1453125
86 0.2453125 0.484375 0.0390625 0.0453125
86 0.3734375 0.8484375 0.2234375 0.05
86 0.3078125 0.4765625 0.01875 0.034375
86 0.334375 0.4578125 0.0390625 0.0375
86 0.340625 0.4453125 0.0359375 0.01875
86 0.3671875 0.5578125 0.090625 0.084375
86 0.434375 0.725 0.1515625 0.234375
86 0.509375 0.5421875 0.03125 0.059375
86 0.546875 0.584375 0.0890625 0.0484375
86 0.5515625 0.5296875 0.05625 0.059375
86 0.5640625 0.4921875 0.0234375 0.0265625
86 0.609375 0.5671875 0.059375 0.078125
86 0.6078125 0.4921875 0.0328125 0.040625
86 0.609375 0.446875 0.015625 0.015625
86 0.6109375 0.44375 0.015625 0.01875
86 0.6390625 0.4421875 0.021875 0.015625
86 0.684375 0.5921875 0.0953125 0.0515625
86 0.6953125 0.496875 0.065625 0.028125
86 0.68125 0.5140625 0.0328125 0.01875
86 0.778125 0.5921875 0.11875 0.0796875
86 0.7578125 0.5046875 0.046875 0.015625
86 0.7578125 0.4421875 0.015625 0.025
86 0.809375 0.4859375 0.0484375 0.053125
86 0.8984375 0.5 0.0546875 0.046875
