86 0.08125 0.78125 0.1609375 0.1859375
86 0.23125 0.7828125 0.2625 0.1828125
86 0.2375 0.615625 0.184375 0.1703125
86 0.2015625 0.4828125 0.0546875 0.0484375
86 0.325 0.4796875 0.0234375 0.04375
86 0.40625 0.61875 0.1515625 0.1453125
86 0.39375 0.475 0.0296875 0.04375
86 0.490625 0.7859375 0.209375 0.1765625
86 0.51875 0.55 0.0625 0.0375
86 0.640625 0.590625 0.0703125 0.1890625
86 0.7640625 0.7859375 0.2078125 0.175
86 0.765625 0.546875 0.05625 0.0875
86 0.9375 0.7546875 0.121875 0.2390625
