88 0.1796875 0.378125 0.109375 0.2921875
88 0.1875 0.640625 0.1234375 0.2296875
88 0.3078125 0.1796875 0.2015625 0.29375
88 0.3234375 0.465625 0.178125 0.25
88 0.340625 0.6953125 0.171875 0.190625
88 0.365625 0.89375 0.1296875 0.1671875
88 0.5046875 0.1734375 0.1828125 0.3
88 0.5 0.4625 0.1703125 0.2453125
88 0.509375 0.6953125 0.14375 0.19375
88 0.5109375 0.8875 0.1390625 0.1625
88 0.6640625 0.6875 0.1703125 0.190625
88 0.6515625 0.8828125 0.1375 0.153125
88 0.6796875 0.4625 0.1875 0.240625
88 0.7015625 0.1734375 0.2015625 0.3078125
