88 0.25625 0.6203125 0.171875 0.0578125
88 0.2578125 0.5625 0.1671875 0.05
88 0.259375 0.6609375 0.1578125 0.065625
88 0.259375 0.7375 0.1546875 0.0578125
88 0.378125 0.49375 0.015625 0.0234375
88 0.4015625 0.490625 0.0203125 0.0171875
88 0.4234375 0.490625 0.015625 0.021875
88 0.4390625 0.5171875 0.0203125 0.0609375
88 0.4859375 0.50625 0.01875 0.0609375
88 0.5109375 0.515625 0.028125 0.0734375
88 0.5296875 0.5125 0.01875 0.0640625
88 0.55 0.50625 0.0234375 0.065625
88 0.5765625 0.503125 0.021875 0.0578125
