85 0.046875 0.3546875 0.08125 0.1046875
85 0.128125 0.3640625 0.0828125 0.103125
85 0.2125 0.4046875 0.1 0.184375
85 0.29375 0.3640625 0.0875 0.0875
85 0.3109375 0.5078125 0.1125 0.1890625
85 0.3734375 0.371875 0.0921875 0.103125
85 0.3984375 0.5140625 0.0828125 0.1875
85 0.715625 0.396875 0.103125 0.25
85 0.7 0.63125 0.0578125 0.2109375
85 0.7421875 0.65625 0.0625 0.259375
85 0.7984375 0.675 0.059375 0.3078125
85 0.8046875 0.371875 0.0703125 0.2765625
85 0.865625 0.3546875 0.084375 0.3328125
85 0.8734375 0.6796875 0.0953125 0.3078125
