86 0.090625 0.475 0.0421875 0.0578125
86 0.1515625 0.4765625 0.0375 0.065625
86 0.190625 0.478125 0.03125 0.05625
86 0.203125 0.4890625 0.0359375 0.0671875
86 0.2734375 0.5703125 0.0375 0.0453125
86 0.3359375 0.6453125 0.075 0.1140625
86 0.340625 0.6265625 0.05 0.1171875
86 0.35 0.66875 0.05625 0.1390625
86 0.34375 0.5484375 0.040625 0.05625
86 0.3484375 0.5421875 0.0375 0.059375
86 0.4375 0.6625 0.0671875 0.140625
86 0.440625 0.65 0.06875 0.1328125
86 0.4515625 0.59375 0.0203125 0.0625
86 0.4828125 0.6234375 0.0171875 0.03125
86 0.5046875 0.63125 0.034375 0.025
86 0.534375 0.628125 0.0296875 0.0296875
86 0.70625 0.60625 0.0515625 0.1125
86 0.7609375 0.6078125 0.0578125 0.1109375
86 0.8078125 0.659375 0.078125 0.1234375
86 0.8578125 0.7046875 0.0875 0.15625
86 0.928125 0.765625 0.1421875 0.134375
