82 0.06875 0.4953125 0.075 0.08125
82 0.09375 0.6109375 0.0796875 0.15
82 0.1 0.5453125 0.0640625 0.065625
82 0.1859375 0.6 0.0953125 0.13125
82 0.175 0.571875 0.0578125 0.11875
82 0.20625 0.490625 0.0578125 0.0765625
82 0.2203125 0.4578125 0.025 0.0078125
82 0.23125 0.465625 0.0265625 0.0078125
82 0.2625 0.575 0.065625 0.1234375
82 0.246875 0.475 0.0265625 0.021875
82 0.2828125 0.5984375 0.0765625 0.134375
82 0.284375 0.5046875 0.04375 0.034375
82 0.2984375 0.4765625 0.03125 0.0140625
82 0.303125 0.45625 0.00625 0.0046875
82 0.309375 0.4625 0.00625 0.0140625
82 0.3484375 0.50625 0.040625 0.0375
82 0.3625 0.46875 0.025 0.0328125
82 0.3796875 0.5671875 0.0453125 0.1171875
82 0.4078125 0.584375 0.065625 0.1171875
82 0.3828125 0.4609375 0.0109375 0.0234375
82 0.396875 0.4640625 0.015625 0.0296875
82 0.4078125 0.4796875 0.0265625 0.05
82 0.4265625 0.4734375 0.01875 0.0421875
82 0.440625 0.5359375 0.0359375 0.0515625
82 0.44375 0.475 0.0140625 0.0421875
82 0.5078125 0.4796875 0.1296875 0.0703125
82 0.48125 0.59375 0.0734375 0.1359375
82 0.509375 0.5546875 0.0421875 0.1046875
82 0.5515625 0.5828125 0.0859375 0.1265625
82 0.553125 0.453125 0.0234375 0.0140625
82 0.6015625 0.5265625 0.0390625 0.053125
82 0.6140625 0.459375 0.015625 0.0171875
82 0.6640625 0.571875 0.0703125 0.1109375
82 0.6375 0.4609375 0.0125 0.01875
82 0.665625 0.50625 0.040625 0.0109375
82 0.6609375 0.475 0.0265625 0.0375
82 0.690625 0.4828125 0.01875 0.0453125
82 0.725 0.56875 0.0859375 0.1125
82 0.7078125 0.4796875 0.03125 0.0328125
82 0.7171875 0.4765625 0.0375 0.0328125
82 0.7203125 0.5265625 0.0375 0.0609375
82 0.75625 0.4921875 0.0328125 0.053125
82 0.7984375 0.56875 0.06875 0.1125
82 0.784375 0.4875 0.034375 0.05
82 0.8265625 0.5265625 0.075 0.0953125
82 0.840625 0.4953125 0.0125 0.059375
82 0.84375 0.4734375 0.0109375 0.0203125
82 0.846875 0.46875 0.0078125 0.0140625
82 0.9109375 0.4921875 0.040625 0.05625
82 0.9328125 0.5046875 0.0390625 0.021875
