86 0.221875 0.5765625 0.0453125 0.04375
86 0.2125 0.521875 0.0203125 0.0265625
86 0.2671875 0.578125 0.075 0.05
86 0.2421875 0.525 0.0203125 0.028125
86 0.2734375 0.525 0.0140625 0.0203125
86 0.284375 0.528125 0.025 0.025
86 0.3046875 0.5296875 0.0203125 0.021875
86 0.3390625 0.5578125 0.03125 0.0515625
86 0.38125 0.5828125 0.05 0.025
86 0.378125 0.5546875 0.0234375 0.0453125
86 0.4546875 0.5546875 0.065625 0.053125
86 0.4703125 0.5625 0.059375 0.0515625
86 0.4765625 0.5734375 0.046875 0.0359375
86 0.4828125 0.5875 0.0328125 0.0265625
86 0.5984375 0.5515625 0.053125 0.034375
86 0.646875 0.54375 0.0359375 0.040625
86 0.6890625 0.553125 0.040625 0.040625
86 0.7328125 0.5515625 0.0296875 0.0296875
