86 0.159375 0.7265625 0.1359375 0.2125
86 0.1046875 0.6296875 0.1328125 0.175
86 0.2515625 0.5640625 0.109375 0.128125
86 0.2421875 0.659375 0.0828125 0.096875
86 0.3078125 0.590625 0.0390625 0.05625
86 0.40625 0.5421875 0.0734375 0.0265625
86 0.65625 0.578125 0.053125 0.053125
86 0.684375 0.6265625 0.0484375 0.078125
86 0.721875 0.7390625 0.11875 0.1859375
86 0.7921875 0.571875 0.1359375 0.14375
86 0.821875 0.59375 0.165625 0.165625
86 0.9078125 0.628125 0.1828125 0.1984375
86 0.9265625 0.6625 0.146875 0.16875
86 0.9609375 0.70625 0.078125 0.2046875
