85 0.0609375 0.38125 0.1078125 0.290625
85 0.05 0.7140625 0.0859375 0.1484375
85 0.115625 0.69375 0.0515625 0.1390625
85 0.1625 0.4140625 0.1109375 0.221875
85 0.1828125 0.759375 0.0453125 0.225
85 0.221875 0.7734375 0.0421875 0.203125
85 0.2703125 0.78125 0.0515625 0.18125
85 0.31875 0.7890625 0.0703125 0.16875
85 0.384375 0.3515625 0.121875 0.3328125
85 0.3828125 0.803125 0.0765625 0.14375
85 0.465625 0.8265625 0.08125 0.0890625
85 0.7546875 0.803125 0.4875 0.14375
85 0.81875 0.440625 0.359375 0.63125
