88 0.0078125 0.5078125 0.0140625 0.0265625
88 0.009375 0.4859375 0.0171875 0.0359375
88 0.0109375 0.4625 0.021875 0.0296875
88 0.0421875 0.5484375 0.0828125 0.0359375
88 0.04375 0.5203125 0.0875 0.05
88 0.05 0.5015625 0.078125 0.0421875
88 0.0625 0.478125 0.084375 0.040625
88 0.1078125 0.2703125 0.146875 0.0984375
88 0.121875 0.540625 0.0671875 0.0390625
88 0.13125 0.4953125 0.071875 0.0390625
88 0.13125 0.521875 0.059375 0.0359375
88 0.1640625 0.6140625 0.0578125 0.0265625
88 0.16875 0.58125 0.0671875 0.0296875
88 0.1796875 0.5328125 0.059375 0.0203125
88 0.1796875 0.5546875 0.046875 0.0203125
88 0.19375 0.5078125 0.0578125 0.0234375
88 0.2234375 0.5859375 0.01875 0.0234375
88 0.2328125 0.640625 0.0171875 0.0265625
88 0.2359375 0.6171875 0.0140625 0.028125
88 0.246875 0.5484375 0.0328125 0.0171875
88 0.2453125 0.59375 0.0234375 0.025
88 0.246875 0.6453125 0.025 0.025
88 0.246875 0.56875 0.028125 0.015625
88 0.25 0.5171875 0.0296875 0.0171875
88 0.253125 0.628125 0.0265625 0.0203125
88 0.2703125 0.603125 0.0265625 0.0171875
88 0.2671875 0.65625 0.015625 0.0140625
88 0.2765625 0.5828125 0.0328125 0.028125
88 0.271875 0.634375 0.015625 0.025
88 0.2828125 0.5515625 0.0359375 0.0375
88 0.2859375 0.525 0.0390625 0.0296875
88 0.334375 0.7046875 0.0359375 0.0296875
88 0.3546875 0.6765625 0.0578125 0.046875
88 0.3625 0.6359375 0.0609375 0.04375
88 0.3625 0.725 0.0390625 0.0484375
88 0.38125 0.565625 0.071875 0.04375
88 0.3734375 0.6078125 0.0515625 0.0375
88 0.3921875 0.5421875 0.065625 0.015625
88 0.434375 0.7171875 0.1125 0.0796875
88 0.4453125 0.6796875 0.1046875 0.06875
88 0.425 0.621875 0.0515625 0.0328125
88 0.440625 0.7640625 0.0796875 0.078125
88 0.4421875 0.590625 0.0546875 0.040625
88 0.4515625 0.546875 0.0515625 0.0359375
88 0.4859375 0.6359375 0.0578125 0.046875
88 0.5046875 0.6015625 0.078125 0.053125
88 0.503125 0.5546875 0.0640625 0.025
88 0.6546875 0.7453125 0.3140625 0.16875
88 0.5625 0.6609375 0.0984375 0.05625
88 0.5625 0.6125 0.0828125 0.046875
88 0.5828125 0.5640625 0.0921875 0.0390625
88 0.6171875 0.840625 0.1296875 0.06875
88 0.6484375 0.6828125 0.109375 0.0796875
88 0.653125 0.6296875 0.1109375 0.0546875
88 0.7328125 0.5890625 0.2265625 0.0640625
88 0.6875 0.859375 0.071875 0.0296875
88 0.734375 0.8390625 0.15625 0.0703125
88 0.746875 0.7765625 0.14375 0.0875
88 0.7671875 0.7125 0.1359375 0.0828125
88 0.778125 0.6546875 0.1390625 0.103125
88 0.909375 0.8265625 0.178125 0.0953125
88 0.9125 0.75625 0.171875 0.125
88 0.9171875 0.6796875 0.1640625 0.084375
88 0.925 0.6 0.1484375 0.10625
