88 0.0484375 0.39375 0.0953125 0.0390625
88 0.0484375 0.434375 0.0828125 0.046875
88 0.1375 0.3921875 0.1046875 0.04375
88 0.134375 0.4421875 0.0625 0.0609375
88 0.5234375 0.3421875 0.04375 0.09375
88 0.5296875 0.5328125 0.046875 0.078125
88 0.5234375 0.4359375 0.0265625 0.090625
88 0.565625 0.7578125 0.084375 0.1515625
88 0.5546875 0.546875 0.053125 0.171875
88 0.565625 0.665625 0.075 0.16875
88 0.559375 0.2921875 0.0578125 0.146875
88 0.5609375 0.4078125 0.0578125 0.13125
88 0.55625 0.8046875 0.046875 0.05625
88 0.659375 0.6140625 0.1453125 0.259375
88 0.653125 0.7421875 0.125 0.18125
88 0.65625 0.253125 0.1078125 0.171875
88 0.8484375 0.4984375 0.278125 0.41875
88 0.846875 0.715625 0.2625 0.2359375
88 0.85625 0.23125 0.2671875 0.1265625
