86 0.1234375 0.6484375 0.2296875 0.3828125
86 0.0125 0.3578125 0.025 0.125
86 0.0359375 0.5109375 0.0703125 0.1
86 0.16875 0.303125 0.034375 0.04375
86 0.4 0.7203125 0.2484375 0.30625
86 0.371875 0.26875 0.025 0.0265625
86 0.4265625 0.35625 0.0734375 0.1015625
86 0.6296875 0.7828125 0.284375 0.1765625
86 0.5828125 0.403125 0.0578125 0.0703125
86 0.640625 0.265625 0.0359375 0.021875
86 0.6765625 0.2640625 0.0328125 0.0078125
86 0.8296875 0.5578125 0.1625 0.159375
86 0.8359375 0.4109375 0.109375 0.0828125
86 0.9578125 0.4359375 0.084375 0.0546875
86 0.959375 0.6125 0.078125 0.1625
