86 0.009375 0.359375 0.01875 0.0125
86 0.0828125 0.60625 0.1515625 0.228125
86 0.0234375 0.384375 0.0296875 0.05625
86 0.128125 0.75 0.2140625 0.1625
86 0.1546875 0.4984375 0.0375 0.0625
86 0.321875 0.6875 0.1859375 0.2609375
86 0.3078125 0.4703125 0.040625 0.05
86 0.35 0.4265625 0.0578125 0.09375
86 0.43125 0.5640625 0.090625 0.1328125
86 0.409375 0.4140625 0.0265625 0.034375
86 0.421875 0.41875 0.0140625 0.0203125
86 0.4921875 0.66875 0.0546875 0.2109375
86 0.578125 0.7203125 0.2 0.2203125
86 0.665625 0.534375 0.0640625 0.071875
86 0.6796875 0.4265625 0.0203125 0.0078125
86 0.696875 0.4671875 0.05 0.0734375
86 0.7859375 0.78125 0.171875 0.0984375
86 0.896875 0.5171875 0.1359375 0.096875
86 0.8640625 0.3828125 0.04375 0.0609375
86 0.8890625 0.49375 0.040625 0.0796875
86 0.9078125 0.38125 0.0453125 0.071875
86 0.9625 0.765625 0.075 0.13125
