88 0.084375 0.5984375 0.16875 0.0546875
88 0.0953125 0.378125 0.1890625 0.05625
88 0.0953125 0.571875 0.190625 0.0265625
88 0.1 0.703125 0.1984375 0.11875
88 0.1 0.453125 0.1875 0.0796875
88 0.1421875 0.5390625 0.1421875 0.04375
88 0.2484375 0.440625 0.3484375 0.04375
88 0.1359375 0.503125 0.1046875 0.0390625
88 0.1625 0.64375 0.1328125 0.025
88 0.303125 0.5921875 0.2484375 0.078125
88 0.3109375 0.5453125 0.2234375 0.0328125
88 0.315625 0.375 0.23125 0.0515625
88 0.3171875 0.7359375 0.234375 0.1015625
88 0.3109375 0.45625 0.221875 0.0921875
88 0.3171875 0.509375 0.225 0.0390625
88 0.3234375 0.653125 0.2125 0.04375
88 0.496875 0.4984375 0.0484375 0.0671875
88 0.5015625 0.5640625 0.0390625 0.0703125
88 0.503125 0.6375 0.040625 0.0765625
88 0.5078125 0.4265625 0.0375 0.078125
88 0.5609375 0.5015625 0.0234375 0.0546875
88 0.5609375 0.6078125 0.01875 0.046875
88 0.559375 0.55625 0.0125 0.0546875
