82 0.1046875 0.6796875 0.1828125 0.153125
82 0.0109375 0.4515625 0.0203125 0.034375
82 0.2296875 0.490625 0.15 0.05625
82 0.1984375 0.434375 0.009375 0.0140625
82 0.3171875 0.659375 0.1875 0.1546875
82 0.2640625 0.4390625 0.05 0.0234375
82 0.359375 0.4421875 0.0453125 0.0203125
82 0.409375 0.46875 0.04375 0.046875
82 0.4609375 0.4453125 0.05625 0.0265625
82 0.8140625 0.6921875 0.171875 0.2265625
82 0.8125 0.8234375 0.1125 0.1015625
82 0.803125 0.4421875 0.0265625 0.025
82 0.896875 0.4390625 0.040625 0.0265625
82 0.978125 0.434375 0.0421875 0.021875
