86 0.440625 0.675 0.1828125 0.1890625
86 0.271875 0.6484375 0.2140625 0.1828125
86 0.45625 0.453125 0.0203125 0.0359375
86 0.4765625 0.45625 0.0390625 0.0390625
86 0.5140625 0.45625 0.0265625 0.04375
86 0.64375 0.4640625 0.0296875 0.0421875
86 0.671875 0.475 0.0375 0.05625
86 0.6859375 0.4671875 0.025 0.0453125
86 0.7046875 0.4703125 0.0375 0.0515625
86 0.8671875 0.478125 0.04375 0.0578125
86 0.8828125 0.4828125 0.05 0.0546875
86 0.925 0.478125 0.04375 0.05625
86 0.9390625 0.484375 0.053125 0.05625
