86 0.0328125 0.6578125 0.0640625 0.1921875
86 0.1546875 0.6484375 0.0875 0.18125
86 0.1671875 0.6171875 0.0671875 0.125
86 0.165625 0.6265625 0.059375 0.15
86 0.178125 0.6046875 0.05625 0.1109375
86 0.23125 0.6140625 0.0546875 0.071875
86 0.2296875 0.6046875 0.0484375 0.06875
86 0.2265625 0.5984375 0.040625 0.0671875
86 0.378125 0.78125 0.3125 0.1109375
86 0.4859375 0.7 0.140625 0.1890625
86 0.553125 0.74375 0.1640625 0.184375
86 0.4953125 0.56875 0.03125 0.0625
86 0.5234375 0.5734375 0.0296875 0.06875
86 0.559375 0.5765625 0.0328125 0.075
86 0.6015625 0.578125 0.0375 0.078125
86 0.6546875 0.69375 0.1171875 0.178125
86 0.65 0.5796875 0.0328125 0.075
86 0.784375 0.7671875 0.2609375 0.1375
86 0.746875 0.7203125 0.1421875 0.1765625
86 0.7796875 0.609375 0.075 0.0703125
86 0.86875 0.6171875 0.0796875 0.0765625
86 0.9625 0.63125 0.071875 0.090625
