86 0.190625 0.7875 0.08125 0.1203125
86 0.196875 0.6796875 0.015625 0.0375
86 0.259375 0.809375 0.0671875 0.0703125
86 0.3296875 0.7046875 0.0265625 0.025
86 0.359375 0.7609375 0.0546875 0.1125
86 0.4484375 0.7 0.046875 0.0890625
86 0.4359375 0.76875 0.0109375 0.009375
86 0.465625 0.721875 0.0453125 0.08125
86 0.5390625 0.753125 0.071875 0.096875
86 0.56875 0.775 0.053125 0.05
86 0.5921875 0.734375 0.0640625 0.0734375
86 0.621875 0.6640625 0.03125 0.0265625
86 0.634375 0.596875 0.046875 0.0421875
86 0.653125 0.753125 0.0625 0.0390625
86 0.7265625 0.7421875 0.0484375 0.053125
86 0.7546875 0.8609375 0.1 0.0265625
86 0.809375 0.7390625 0.0328125 0.053125
86 0.8484375 0.8515625 0.0890625 0.04375
86 0.86875 0.646875 0.0359375 0.0671875
86 0.9046875 0.6828125 0.05 0.0640625
86 0.9265625 0.8390625 0.0890625 0.071875
86 0.921875 0.6140625 0.0359375 0.0375
86 0.9625 0.778125 0.0390625 0.06875
86 0.9828125 0.5375 0.01875 0.0171875
