86 0.1375 0.73125 0.134375 0.25
86 0.0390625 0.609375 0.0640625 0.1125
86 0.025 0.54375 0.0234375 0.0421875
86 0.0421875 0.4796875 0.021875 0.0125
86 0.096875 0.6078125 0.075 0.0984375
86 0.09375 0.471875 0.01875 0.0171875
86 0.1125 0.628125 0.034375 0.0828125
86 0.1359375 0.5171875 0.03125 0.0234375
86 0.2640625 0.76875 0.1765625 0.2109375
86 0.203125 0.59375 0.0515625 0.05625
86 0.228125 0.4875 0.025 0.021875
86 0.2453125 0.49375 0.01875 0.015625
86 0.2828125 0.5703125 0.0734375 0.046875
86 0.325 0.5171875 0.0453125 0.0671875
86 0.440625 0.7640625 0.1859375 0.21875
86 0.365625 0.51875 0.0265625 0.0359375
86 0.3828125 0.4984375 0.021875 0.0234375
86 0.3953125 0.4671875 0.0171875 0.015625
86 0.4921875 0.4765625 0.03125 0.01875
86 0.5078125 0.565625 0.0546875 0.040625
86 0.5078125 0.5234375 0.05 0.0375
86 0.515625 0.478125 0.0171875 0.0265625
86 0.571875 0.7234375 0.125 0.225
86 0.5703125 0.5046875 0.0140625 0.0203125
86 0.6046875 0.525 0.046875 0.040625
86 0.6265625 0.5578125 0.0859375 0.0546875
86 0.5984375 0.4828125 0.0234375 0.040625
86 0.646875 0.6109375 0.109375 0.13125
86 0.6171875 0.653125 0.0234375 0.1453125
86 0.6328125 0.4875 0.03125 0.040625
86 0.646875 0.515625 0.046875 0.0296875
86 0.671875 0.49375 0.046875 0.0421875
86 0.6796875 0.459375 0.0265625 0.01875
86 0.759375 0.615625 0.1078125 0.140625
86 0.7734375 0.4953125 0.03125 0.0484375
86 0.8140625 0.5140625 0.0484375 0.021875
86 0.8328125 0.603125 0.0734375 0.125
86 0.865625 0.5 0.034375 0.0328125
86 0.884375 0.5859375 0.0671875 0.1265625
86 0.878125 0.5625 0.0484375 0.1078125
86 0.875 0.46875 0.021875 0.021875
86 0.896875 0.475 0.0375 0.009375
86 0.903125 0.45625 0.025 0.01875
86 0.953125 0.5359375 0.0625 0.0875
86 0.940625 0.4609375 0.021875 0.0125
86 0.9515625 0.478125 0.0375 0.01875
