82 0.134375 0.2734375 0.01875 0.04375
82 0.1953125 0.2765625 0.0796875 0.046875
82 0.2609375 0.3171875 0.1296875 0.0796875
82 0.31875 0.278125 0.0640625 0.040625
82 0.584375 0.575 0.5796875 0.453125
82 0.3859375 0.2796875 0.06875 0.0390625
82 0.4609375 0.2796875 0.0671875 0.0390625
82 0.534375 0.2796875 0.06875 0.040625
82 0.6 0.2796875 0.0625 0.040625
82 0.6484375 0.2734375 0.025 0.028125
82 0.7171875 0.2796875 0.0265625 0.0375
82 0.8109375 0.328125 0.1265625 0.0765625
82 0.7984375 0.2765625 0.0625 0.034375
