86 0.040625 0.6765625 0.08125 0.121875
86 0.05 0.7875 0.0984375 0.171875
86 0.071875 0.7421875 0.1421875 0.1109375
86 0.0796875 0.809375 0.159375 0.1296875
86 0.1125 0.6625 0.11875 0.1125
86 0.165625 0.8390625 0.134375 0.06875
86 0.1921875 0.7640625 0.121875 0.1609375
86 0.221875 0.7890625 0.18125 0.16875
86 0.209375 0.7203125 0.1453125 0.1109375
86 0.2171875 0.6328125 0.1140625 0.0765625
86 0.2921875 0.6328125 0.109375 0.090625
86 0.309375 0.7375 0.1328125 0.1578125
86 0.325 0.815625 0.1546875 0.1140625
86 0.3546875 0.7796875 0.196875 0.1875
86 0.33125 0.6875 0.1046875 0.078125
86 0.3640625 0.621875 0.1015625 0.0765625
86 0.39375 0.70625 0.075 0.1
86 0.415625 0.625 0.090625 0.0953125
86 0.4828125 0.7953125 0.16875 0.15625
86 0.4625 0.7328125 0.084375 0.1140625
86 0.609375 0.79375 0.184375 0.159375
86 0.5671875 0.59375 0.0796875 0.0671875
86 0.609375 0.5984375 0.0796875 0.0828125
86 0.7984375 0.6265625 0.0828125 0.10625
86 0.8921875 0.6296875 0.109375 0.0984375
86 0.8859375 0.55 0.015625 0.0203125
86 0.9265625 0.5484375 0.01875 0.01875
86 0.946875 0.54375 0.0125 0.0234375
