88 0.021875 0.3984375 0.04375 0.0671875
88 0.0234375 0.346875 0.0453125 0.06875
88 0.0234375 0.3078125 0.046875 0.059375
88 0.0234375 0.6203125 0.046875 0.071875
88 0.025 0.5015625 0.05 0.065625
88 0.0328125 0.696875 0.065625 0.10625
88 0.021875 0.4484375 0.04375 0.059375
88 0.0265625 0.55625 0.0515625 0.0859375
88 0.0390625 0.7703125 0.075 0.0890625
88 0.209375 0.3234375 0.2796875 0.0578125
88 0.209375 0.41875 0.278125 0.0484375
88 0.2046875 0.3625 0.265625 0.0640625
88 0.2140625 0.746875 0.2796875 0.0703125
88 0.209375 0.5140625 0.265625 0.0578125
88 0.209375 0.4671875 0.2625 0.0515625
88 0.2109375 0.5609375 0.2609375 0.053125
88 0.21875 0.678125 0.2734375 0.078125
88 0.2140625 0.6125 0.259375 0.0515625
88 0.8109375 0.328125 0.2984375 0.0484375
88 0.80625 0.7421875 0.278125 0.0953125
88 0.8125 0.384375 0.2828125 0.059375
88 0.8109375 0.4484375 0.2765625 0.0765625
88 0.8125 0.521875 0.271875 0.078125
88 0.8140625 0.665625 0.2734375 0.0734375
88 0.815625 0.59375 0.2734375 0.071875
