86 0.0453125 0.5890625 0.0734375 0.1046875
86 0.15 0.6703125 0.125 0.15625
86 0.1796875 0.5640625 0.075 0.0546875
86 0.23125 0.6984375 0.153125 0.1890625
86 0.3484375 0.7375 0.1765625 0.1796875
86 0.33125 0.5984375 0.090625 0.109375
86 0.49375 0.7453125 0.1859375 0.1546875
86 0.503125 0.6609375 0.121875 0.175
86 0.51875 0.590625 0.096875 0.1046875
86 0.64375 0.5984375 0.1046875 0.103125
86 0.7359375 0.8046875 0.209375 0.0359375
86 0.7453125 0.640625 0.1296875 0.1375
86 0.7765625 0.7171875 0.1703125 0.1609375
86 0.934375 0.7703125 0.1171875 0.10625
86 0.9484375 0.6640625 0.090625 0.159375
