2 0.1484375 0.28046875 0.19140625 0.43046875
2 0.15390625 0.67265625 0.16953125 0.40078125
2 0.3625 0.78984375 0.30703125 0.30625
2 0.6234375 0.83515625 0.3 0.27890625
2 0.78046875 0.65625 0.3390625 0.45390625
2 0.8328125 0.50234375 0.2046875 0.39140625
2 0.859375 0.2109375 0.2265625 0.33671875
2 0.2828125 0.2984375 0.18515625 0.41640625
2 0.33125 0.459375 0.1734375 0.4359375
2 0.42578125 0.5203125 0.16015625 0.31015625
2 0.58125 0.60078125 0.19609375 0.25625
2 0.725 0.2578125 0.153125 0.2859375
2 0.6046875 0.284375 0.15859375 0.41484375
